500	288.481	207.337
499	287.481	207.29
498	286.481	207.243
497	285.481	207.196
496	284.481	207.149
495	283.481	207.102
494	282.481	207.055
493	281.481	207.007
492	280.481	206.96
491	279.481	206.912
490	278.481	206.864
489	277.481	206.816
488	276.481	206.768
487	275.481	206.72
486	274.481	206.672
485	273.481	206.623
484	272.481	206.574
483	271.481	206.526
482	270.481	206.477
481	269.481	206.428
480	268.481	206.379
479	267.481	206.329
478	266.481	206.28
477	265.481	206.23
476	264.481	206.181
475	263.481	206.131
474	262.481	206.081
473	261.481	206.031
472	260.481	205.98
471	259.481	205.93
470	258.481	205.879
469	257.481	205.828
468	256.481	205.777
467	255.481	205.726
466	254.481	205.675
465	253.481	205.623
464	252.481	205.572
463	251.481	205.52
462	250.481	205.468
461	249.481	205.416
460	248.481	205.363
459	247.481	205.311
458	246.481	205.258
457	245.481	205.205
456	244.481	205.152
455	243.481	205.099
454	242.481	205.045
453	241.481	204.991
452	240.481	204.938
451	239.481	204.884
450	238.481	204.829
449	237.481	204.775
448	236.481	204.72
447	235.481	204.665
446	234.481	204.61
445	233.481	204.555
444	232.481	204.499
443	231.481	204.443
442	230.481	204.387
441	229.481	204.331
440	228.481	204.275
439	227.481	204.218
438	226.481	204.161
437	225.481	204.104
436	224.481	204.047
435	223.481	203.989
434	222.481	203.931
433	221.481	203.873
432	220.481	203.814
431	219.481	203.756
430	218.481	203.697
429	217.481	203.637
428	216.481	203.578
427	215.481	203.518
426	214.481	203.458
425	213.481	203.398
424	212.481	203.337
423	211.481	203.276
422	210.481	203.215
421	209.481	203.154
420	208.481	203.092
419	207.481	203.03
418	206.481	202.967
417	205.481	202.904
416	204.481	202.841
415	203.481	202.778
414	202.481	202.714
413	201.481	202.65
412	200.481	202.585
411	199.481	202.52
410	198.481	202.452
409	197.481	202.383
408	196.481	202.312
407	195.481	202.238
406	194.481	202.161
405	193.481	202.081
404	192.481	201.999
403	191.481	201.914
402	190.481	201.825
401	189.481	201.734
400	188.481	201.64
399	187.481	201.543
398	186.481	201.443
397	185.481	201.34
396	184.481	201.234
395	183.481	201.124
394	182.481	201.012
393	181.481	200.896
392	180.481	200.776
391	179.481	200.653
390	178.481	200.525
389	177.481	200.391
388	176.481	200.251
387	175.481	200.101
386	174.481	199.935
385	173.481	199.765
384	172.481	199.594
383	171.481	199.423
382	170.481	199.25
381	169.481	199.076
380	168.481	198.902
379	167.481	198.726
378	166.481	198.55
377	165.481	198.372
376	164.481	198.194
375	163.481	198.014
374	162.481	197.834
373	161.481	197.652
372	160.481	197.47
371	159.481	197.287
370	158.481	197.102
369	157.481	196.917
368	156.481	196.73
367	155.481	196.542
366	154.481	196.354
365	153.481	196.164
364	152.481	195.973
363	151.481	195.781
362	150.481	195.587
361	149.481	195.393
360	148.481	195.198
359	147.481	195.001
358	146.481	194.803
357	145.481	194.604
356	144.481	194.404
355	143.481	194.203
354	142.481	194
353	141.481	193.796
352	140.481	193.591
351	139.481	193.385
350	138.481	193.177
349	137.481	192.968
348	136.481	192.757
347	135.481	192.547
346	134.481	192.334
345	133.481	192.12
344	132.481	191.904
343	131.481	191.687
342	130.481	191.469
341	129.481	191.249
340	128.481	191.027
339	127.481	190.804
338	126.481	190.58
337	125.481	190.354
336	124.481	190.126
335	123.481	189.897
334	122.481	189.667
333	121.481	189.434
332	120.481	189.201
331	119.481	188.965
330	118.481	188.728
329	117.481	188.489
328	116.481	188.249
327	115.481	188.006
326	114.481	187.762
325	113.481	187.517
324	112.481	187.269
323	111.481	187.019
322	110.481	186.768
321	109.481	186.515
320	108.481	186.26
319	107.481	186.002
318	106.481	185.743
317	105.481	185.482
316	104.481	185.219
315	103.481	184.953
314	102.481	184.686
313	101.481	184.416
312	100.481	184.144
311	99.4813	183.87
310	98.4813	183.594
309	97.4813	183.315
308	96.4813	183.034
307	95.4813	182.75
306	94.4813	182.464
305	93.4813	182.176
304	92.4813	181.885
303	91.4813	181.591
302	90.4813	181.295
301	89.4813	180.996
300	88.4813	180.694
299	87.4813	180.389
298	86.4813	180.082
297	85.4813	179.771
296	84.4813	179.458
295	83.4813	179.141
294	82.4813	178.821
293	81.4813	178.498
292	80.4813	178.172
291	79.4813	177.842
290	78.4813	177.509
289	77.4813	177.173
288	76.4813	176.833
287	75.4813	176.489
286	74.4813	176.141
285	73.4813	175.79
284	72.4813	175.434
283	71.4813	175.074
282	70.4813	174.71
281	69.4813	174.342
280	68.4813	173.97
279	67.4813	173.592
278	66.4813	173.211
277	65.4813	172.824
276	64.4813	172.432
275	63.4813	172.036
274	62.4813	171.634
273	61.4813	171.226
272	60.4813	170.813
271	59.4813	170.395
270	58.4813	169.97
269	57.4813	169.539
268	56.4813	169.102
267	55.4813	168.658
266	54.4813	168.207
265	53.4813	167.75
264	52.4813	167.285
263	51.4813	166.814
262	50.4813	166.334
261	49.4813	165.845
260	48.4813	165.348
259	47.4813	164.842
258	46.4813	164.327
257	45.4813	163.803
256	44.4813	163.268
255	43.4813	162.723
254	42.4813	162.167
253	41.4813	161.6
252	40.4813	161.021
251	39.4813	160.429
250	38.4813	159.824
249	37.4813	159.206
248	36.4813	158.573
247	35.4813	157.924
246	34.4813	157.259
245	33.4813	156.577
244	32.4813	155.877
243	31.4813	155.157
242	30.4813	154.417
241	29.4813	153.653
240	28.4813	152.865
239	27.4813	152.051
238	26.4813	151.206
237	25.4813	150.327
236	24.4813	149.41
235	23.4813	148.448
234	22.4813	147.428
233	21.4813	146.334
232	20.4813	145.144
231	19.4813	143.82
230	18.4813	142.302
229	17.4813	140.494
228	16.4813	138.256
227	15.4813	135.379
226	14.4813	131.642
225	13.4813	126.909
224	12.4813	121.296
223	11.4813	115.208
222	10.4813	109.137
221	9.4813	103.453
220	8.4813	98.3379
219	7.4813	93.8401
218	6.4813	89.9384
217	5.4813	86.5825
216	4.4813	83.7134
215	3.4813	81.2749
214	2.4813	79.2131
213	1.4813	77.4806
212	0.481302	76.0362
