500	305.224	191.096
499	304.224	191.055
498	303.224	191.014
497	302.224	190.973
496	301.224	190.932
495	300.224	190.89
494	299.224	190.849
493	298.224	190.807
492	297.224	190.765
491	296.224	190.724
490	295.224	190.682
489	294.224	190.64
488	293.224	190.597
487	292.224	190.555
486	291.224	190.513
485	290.224	190.47
484	289.224	190.428
483	288.224	190.385
482	287.224	190.342
481	286.224	190.299
480	285.224	190.256
479	284.224	190.213
478	283.224	190.17
477	282.224	190.126
476	281.224	190.083
475	280.224	190.039
474	279.224	189.995
473	278.224	189.951
472	277.224	189.907
471	276.224	189.863
470	275.224	189.819
469	274.224	189.774
468	273.224	189.73
467	272.224	189.685
466	271.224	189.64
465	270.224	189.595
464	269.224	189.55
463	268.224	189.505
462	267.224	189.459
461	266.224	189.414
460	265.224	189.368
459	264.224	189.322
458	263.224	189.276
457	262.224	189.23
456	261.224	189.183
455	260.224	189.137
454	259.224	189.09
453	258.224	189.043
452	257.224	188.996
451	256.224	188.949
450	255.224	188.902
449	254.224	188.854
448	253.224	188.807
447	252.224	188.759
446	251.224	188.711
445	250.224	188.663
444	249.224	188.614
443	248.224	188.566
442	247.224	188.517
441	246.224	188.468
440	245.224	188.419
439	244.224	188.369
438	243.224	188.32
437	242.224	188.27
436	241.224	188.22
435	240.224	188.17
434	239.224	188.12
433	238.224	188.069
432	237.224	188.018
431	236.224	187.967
430	235.224	187.916
429	234.224	187.865
428	233.224	187.813
427	232.224	187.76
426	231.224	187.706
425	230.224	187.65
424	229.224	187.593
423	228.224	187.533
422	227.224	187.472
421	226.224	187.408
420	225.224	187.341
419	224.224	187.273
418	223.224	187.202
417	222.224	187.128
416	221.224	187.052
415	220.224	186.974
414	219.224	186.892
413	218.224	186.808
412	217.224	186.721
411	216.224	186.632
410	215.224	186.538
409	214.224	186.441
408	213.224	186.34
407	212.224	186.234
406	211.224	186.122
405	210.224	185.999
404	209.224	185.868
403	208.224	185.737
402	207.224	185.605
401	206.224	185.473
400	205.224	185.34
399	204.224	185.206
398	203.224	185.072
397	202.224	184.937
396	201.224	184.801
395	200.224	184.665
394	199.224	184.528
393	198.224	184.39
392	197.224	184.252
391	196.224	184.113
390	195.224	183.973
389	194.224	183.833
388	193.224	183.691
387	192.224	183.55
386	191.224	183.407
385	190.224	183.264
384	189.224	183.12
383	188.224	182.975
382	187.224	182.829
381	186.224	182.683
380	185.224	182.536
379	184.224	182.388
378	183.224	182.24
377	182.224	182.091
376	181.224	181.941
375	180.224	181.79
374	179.224	181.638
373	178.224	181.486
372	177.224	181.332
371	176.224	181.178
370	175.224	181.023
369	174.224	180.868
368	173.224	180.711
367	172.224	180.554
366	171.224	180.395
365	170.224	180.236
364	169.224	180.076
363	168.224	179.915
362	167.224	179.753
361	166.224	179.591
360	165.224	179.427
359	164.224	179.263
358	163.224	179.097
357	162.224	178.931
356	161.224	178.763
355	160.224	178.595
354	159.224	178.426
353	158.224	178.256
352	157.224	178.084
351	156.224	177.912
350	155.224	177.739
349	154.224	177.565
348	153.224	177.39
347	152.224	177.213
346	151.224	177.036
345	150.224	176.858
344	149.224	176.678
343	148.224	176.498
342	147.224	176.316
341	146.224	176.133
340	145.224	175.95
339	144.224	175.765
338	143.224	175.579
337	142.224	175.391
336	141.224	175.203
335	140.224	175.013
334	139.224	174.822
333	138.224	174.63
332	137.224	174.439
331	136.224	174.244
330	135.224	174.049
329	134.224	173.851
328	133.224	173.653
327	132.224	173.454
326	131.224	173.253
325	130.224	173.05
324	129.224	172.847
323	128.224	172.642
322	127.224	172.435
321	126.224	172.227
320	125.224	172.018
319	124.224	171.807
318	123.224	171.595
317	122.224	171.381
316	121.224	171.166
315	120.224	170.95
314	119.224	170.731
313	118.224	170.511
312	117.224	170.29
311	116.224	170.067
310	115.224	169.842
309	114.224	169.616
308	113.224	169.388
307	112.224	169.158
306	111.224	168.926
305	110.224	168.693
304	109.224	168.458
303	108.224	168.221
302	107.224	167.982
301	106.224	167.741
300	105.224	167.498
299	104.224	167.254
298	103.224	167.007
297	102.224	166.759
296	101.224	166.508
295	100.224	166.255
294	99.2245	166
293	98.2245	165.743
292	97.2245	165.483
291	96.2245	165.222
290	95.2245	164.958
289	94.2245	164.691
288	93.2245	164.423
287	92.2245	164.152
286	91.2245	163.878
285	90.2245	163.602
284	89.2245	163.323
283	88.2245	163.042
282	87.2245	162.758
281	86.2245	162.471
280	85.2245	162.181
279	84.2245	161.888
278	83.2245	161.593
277	82.2245	161.294
276	81.2245	160.993
275	80.2245	160.688
274	79.2245	160.38
273	78.2245	160.069
272	77.2245	159.754
271	76.2245	159.436
270	75.2245	159.114
269	74.2245	158.789
268	73.2245	158.46
267	72.2245	158.127
266	71.2245	157.79
265	70.2245	157.449
264	69.2245	157.104
263	68.2245	156.755
262	67.2245	156.401
261	66.2245	156.043
260	65.2245	155.68
259	64.2245	155.312
258	63.2245	154.939
257	62.2245	154.562
256	61.2245	154.179
255	60.2245	153.79
254	59.2245	153.396
253	58.2245	152.996
252	57.2245	152.591
251	56.2245	152.179
250	55.2245	151.762
249	54.2245	151.337
248	53.2245	150.905
247	52.2245	150.466
246	51.2245	150.019
245	50.2245	149.565
244	49.2245	149.102
243	48.2245	148.631
242	47.2245	148.152
241	46.2245	147.663
240	45.2245	147.164
239	44.2245	146.655
238	43.2245	146.136
237	42.2245	145.606
236	41.2245	145.064
235	40.2245	144.509
234	39.2245	143.941
233	38.2245	143.359
232	37.2245	142.763
231	36.2245	142.15
230	35.2245	141.52
229	34.2245	140.872
228	33.2245	140.204
227	32.2245	139.513
226	31.2245	138.798
225	30.2245	138.056
224	29.2245	137.282
223	28.2245	136.473
222	27.2245	135.622
221	26.2245	134.721
220	25.2245	133.762
219	24.2245	132.723
218	23.2245	131.587
217	22.2245	130.322
216	21.2245	128.888
215	20.2245	127.226
214	19.2245	125.262
213	18.2245	122.909
212	17.2245	120.085
211	16.2245	116.739
210	15.2245	112.902
209	14.2245	108.699
208	13.2245	104.315
207	12.2245	99.9457
206	11.2245	95.7462
205	10.2245	91.817
204	9.22446	88.2099
203	8.22446	84.9443
202	7.22446	82.0202
201	6.22446	79.4252
200	5.22446	77.1428
199	4.22446	75.1518
198	3.22446	73.4291
197	2.22446	71.9511
196	1.22446	70.695
195	0.224465	69.6388
