0 -78.7964
1 -70.9721
2 -63.8285
3 -59.6054
4 -61.5365
5 -69.5991
6 -76.6766
7 -81.0255
8 -83.5228
9 -84.9477
10 -85.7574
11 -86.2159
12 -86.4751
13 -86.6215
14 -86.7042
15 -86.7511
16 -86.7779
17 -86.7932
18 -86.8023
19 -86.8077
20 -86.8111
21 -86.8135
22 -86.8151
23 -86.8165
24 -86.8176
25 -86.8186
26 -86.8195
27 -86.8204
28 -86.8213
29 -86.8222
30 -86.823
31 -86.8239
32 -86.8247
33 -86.8256
34 -86.8264
35 -86.8272
36 -86.8281
37 -86.8289
38 -86.8297
39 -86.8306
40 -86.8314
41 -86.8322
42 -86.833
43 -86.8339
44 -86.8347
45 -86.8355
46 -86.8363
47 -86.8371
48 -86.8379
49 -86.8387
50 -86.8395
51 -86.8403
52 -86.8411
53 -86.8419
54 -86.8427
55 -86.8435
56 -86.8443
57 -86.8451
58 -86.8459
59 -86.8466
60 -86.8474
61 -86.8482
62 -86.849
63 -86.8497
64 -86.8505
65 -86.8513
66 -86.8521
67 -86.8528
68 -86.8536
69 -86.8544
70 -86.8551
71 -86.8559
72 -86.8566
73 -86.8574
74 -86.8581
75 -86.8589
76 -86.8596
77 -86.8604
78 -86.8611
79 -86.8619
80 -86.8626
81 -86.8634
82 -86.8641
83 -86.8648
84 -86.8656
85 -86.8663
86 -86.867
87 -86.8678
88 -86.8685
89 -86.8692
90 -86.8699
91 -86.8707
92 -86.8714
93 -86.8721
94 -86.8728
95 -86.8735
96 -86.8743
97 -86.875
98 -86.8757
99 -86.8764
100 -86.8771
101 -86.8778
102 -86.8785
103 -86.8792
104 -86.8799
105 -86.8806
106 -86.8813
107 -86.882
108 -86.8827
109 -86.8834
110 -86.8841
111 -86.8848
112 -86.8855
113 -86.8862
114 -86.8869
115 -86.8876
116 -86.8883
117 -86.8889
118 -86.8896
119 -86.8903
120 -86.891
121 -86.8917
122 -86.8923
123 -86.893
124 -86.8937
125 -86.8944
126 -86.895
127 -86.8957
128 -86.8964
129 -86.8971
130 -86.8977
131 -86.8984
132 -86.8991
133 -86.8997
134 -86.9004
135 -86.901
136 -86.9017
137 -86.9024
138 -86.903
139 -86.9037
140 -86.9043
141 -86.905
142 -86.9056
143 -86.9063
144 -86.9069
145 -86.9076
146 -86.9082
147 -86.9089
148 -86.9095
149 -86.9102
150 -86.9108
151 -86.9114
152 -86.9121
153 -86.9127
154 -86.9134
155 -86.914
156 -86.9146
157 -86.9153
158 -86.9159
159 -86.9165
160 -86.9172
161 -86.9178
162 -86.9184
163 -86.919
164 -86.9197
165 -86.9203
166 -86.9209
167 -86.9215
168 -86.9222
169 -86.9228
170 -86.9234
171 -86.924
172 -86.9246
173 -86.9253
174 -86.9259
175 -86.9265
176 -86.9271
177 -86.9277
178 -86.9283
179 -86.9289
180 -86.9296
181 -86.9302
182 -86.9308
183 -86.9314
184 -86.932
185 -86.9326
186 -86.9332
187 -86.9338
188 -86.9344
189 -86.935
190 -86.9356
191 -86.9362
192 -86.9368
193 -86.9374
194 -86.938
195 -86.9386
196 -86.9392
197 -86.9398
198 -86.9403
199 -86.9409
200 -86.9415
201 -86.9421
202 -86.9427
203 -86.9433
204 -86.9439
205 -86.9445
206 -86.945
207 -86.9456
208 -86.9462
209 -86.9468
210 -86.9474
211 -86.9479
212 -86.9485
213 -86.9491
214 -86.9497
215 -86.9502
216 -86.9508
217 -86.9514
218 -86.952
219 -86.9525
220 -86.9531
221 -86.9537
222 -86.9542
223 -86.9548
224 -86.9554
225 -86.9559
226 -86.9565
227 -86.9571
228 -86.9576
229 -86.9582
230 -86.9587
231 -86.9593
232 -86.9599
233 -86.9604
234 -86.961
235 -86.9615
236 -86.9621
237 -86.9626
238 -86.9632
239 -86.9637
240 -86.9643
241 -86.9649
242 -86.9654
243 -86.9659
244 -86.9665
245 -86.967
246 -86.9676
247 -86.9681
248 -86.9687
249 -86.9692
250 -86.9698
251 -86.9703
252 -86.9709
253 -86.9714
254 -86.9719
255 -86.9725
256 -86.973
257 -86.9735
258 -86.9741
259 -86.9746
260 -86.9751
261 -86.9757
262 -86.9762
263 -86.9767
264 -86.9773
265 -86.9778
266 -86.9783
267 -86.9789
268 -86.9794
269 -86.9799
270 -86.9804
271 -86.981
272 -86.9815
273 -86.982
274 -86.9825
275 -86.9831
276 -86.9836
277 -86.9841
278 -86.9846
279 -86.9851
280 -86.9857
281 -86.9862
282 -86.9867
283 -86.9872
284 -86.9877
285 -86.9882
286 -86.9887
287 -86.9893
288 -86.9898
289 -86.9903
290 -86.9908
291 -86.9913
292 -86.9918
293 -86.9923
294 -86.9928
295 -86.9933
296 -86.9938
297 -86.9943
298 -86.9948
299 -86.9953
300 -86.9958
301 -86.9963
302 -86.9968
303 -86.9973
304 -86.9978
305 -86.9983
306 -86.9988
307 -86.9993
308 -86.9998
309 -87.0003
310 -87.0008
311 -87.0013
312 -87.0018
313 -87.0023
314 -87.0028
315 -87.0033
316 -87.0038
317 -87.0043
318 -87.0047
319 -87.0052
320 -87.0057
321 -87.0062
322 -87.0067
323 -87.0072
324 -87.0077
325 -87.0081
326 -87.0086
327 -87.0091
328 -87.0096
329 -87.0101
330 -87.0105
331 -87.011
332 -87.0115
333 -87.012
334 -87.0125
335 -87.0129
336 -87.0134
337 -87.0139
338 -87.0143
339 -87.0148
340 -87.0153
341 -87.0158
342 -87.0162
343 -87.0167
344 -87.0172
345 -87.0176
346 -87.0181
347 -87.0186
348 -87.019
349 -87.0195
350 -87.02
351 -87.0204
352 -87.0209
353 -87.0214
354 -87.0218
355 -87.0223
356 -87.0227
357 -87.0232
358 -87.0237
359 -87.0241
360 -87.0246
361 -87.025
362 -87.0255
363 -87.0259
364 -87.0264
365 -87.0269
366 -87.0273
367 -87.0278
368 -87.0282
369 -87.0287
370 -87.0291
371 -87.0296
372 -87.03
373 -87.0305
374 -87.0309
375 -87.0314
376 -87.0318
377 -87.0323
378 -87.0327
379 -87.0331
380 -87.0336
381 -87.034
382 -87.0345
383 -87.0349
384 -87.0354
385 -87.0358
386 -87.0362
387 -87.0367
388 -87.0371
389 -87.0376
390 -87.038
391 -87.0384
392 -87.0389
393 -87.0393
394 -87.0397
395 -87.0402
396 -87.0406
397 -87.041
398 -87.0415
399 -87.0419
400 -87.0423
401 -87.0428
402 -87.0432
403 -87.0436
404 -87.044
405 -87.0445
406 -87.0449
407 -87.0453
408 -87.0457
409 -87.0462
410 -87.0466
411 -87.047
412 -87.0474
413 -87.0479
414 -87.0483
415 -87.0487
416 -87.0491
417 -87.0496
418 -87.05
419 -87.0504
420 -87.0508
421 -87.0512
422 -87.0516
423 -87.0521
424 -87.0525
425 -87.0529
426 -87.0533
427 -87.0537
428 -87.0541
429 -87.0545
430 -87.055
431 -87.0554
432 -87.0558
433 -87.0562
434 -87.0566
435 -87.057
436 -87.0574
437 -87.0578
438 -87.0582
439 -87.0586
440 -87.059
441 -87.0594
442 -87.0598
443 -87.0603
444 -87.0607
445 -87.0611
446 -87.0615
447 -87.0619
448 -87.0623
449 -87.0627
450 -87.0631
451 -87.0635
452 -87.0639
453 -87.0643
454 -87.0647
455 -87.0651
456 -87.0654
457 -87.0658
458 -87.0662
459 -87.0666
460 -87.067
461 -87.0674
462 -87.0678
463 -87.0682
464 -87.0686
465 -87.069
466 -87.0694
467 -87.0698
468 -87.0702
469 -87.0705
470 -87.0709
471 -87.0713
472 -87.0717
473 -87.0721
474 -87.0725
475 -87.0729
476 -87.0733
477 -87.0736
478 -87.074
479 -87.0744
480 -87.0748
481 -87.0752
482 -87.0755
483 -87.0759
484 -87.0763
485 -87.0767
486 -87.0771
487 -87.0774
488 -87.0778
489 -87.0782
490 -87.0786
491 -87.079
492 -87.0793
493 -87.0797
494 -87.0801
495 -87.0805
496 -87.0808
497 -87.0812
498 -87.0816
499 -87.0819
500 -87.0823
501 -87.0827
502 -87.0831
503 -87.0834
504 -87.0838
505 -87.0842
506 -87.0845
507 -87.0849
508 -87.0853
509 -87.0856
510 -87.086
511 -87.0864
512 -87.0867
513 -87.0871
514 -87.0875
515 -87.0878
516 -87.0882
517 -87.0885
518 -87.0889
519 -87.0893
520 -87.0896
521 -87.09
522 -87.0903
523 -87.0907
524 -87.0911
525 -87.0914
526 -87.0918
527 -87.0921
528 -87.0925
529 -87.0928
530 -87.0932
531 -87.0936
532 -87.0939
533 -87.0943
534 -87.0946
535 -87.095
536 -87.0953
537 -87.0957
538 -87.096
539 -87.0964
540 -87.0967
541 -87.0971
542 -87.0974
543 -87.0978
544 -87.0981
545 -87.0985
546 -87.0988
547 -87.0992
548 -87.0995
549 -87.0999
550 -87.1002
551 -87.1005
552 -87.1009
553 -87.1012
554 -87.1016
555 -87.1019
556 -87.1023
557 -87.1026
558 -87.1029
559 -87.1033
560 -87.1036
561 -87.104
562 -87.1043
563 -87.1046
564 -87.105
565 -87.1053
566 -87.1057
567 -87.106
568 -87.1063
569 -87.1067
570 -87.107
571 -87.1073
572 -87.1077
573 -87.108
574 -87.1083
575 -87.1087
576 -87.109
577 -87.1093
578 -87.1097
579 -87.11
580 -87.1103
581 -87.1107
582 -87.111
583 -87.1113
584 -87.1116
585 -87.112
586 -87.1123
587 -87.1126
588 -87.113
589 -87.1133
590 -87.1136
591 -87.1139
592 -87.1143
593 -87.1146
594 -87.1149
595 -87.1152
596 -87.1156
597 -87.1159
598 -87.1162
599 -87.1165
600 -87.1168
601 -87.1172
602 -87.1175
603 -87.1178
604 -87.1181
605 -87.1184
606 -87.1188
607 -87.1191
608 -87.1194
609 -87.1197
610 -87.12
611 -87.1203
612 -87.1207
613 -87.121
614 -87.1213
615 -87.1216
616 -87.1219
617 -87.1222
618 -87.1225
619 -87.1228
620 -87.1232
621 -87.1235
622 -87.1238
623 -87.1241
624 -87.1244
625 -87.1247
626 -87.125
627 -87.1253
628 -87.1256
629 -87.1259
630 -87.1263
631 -87.1266
632 -87.1269
633 -87.1272
634 -87.1275
635 -87.1278
636 -87.1281
637 -87.1284
638 -87.1287
639 -87.129
640 -87.1293
641 -87.1296
642 -87.1299
643 -87.1302
644 -87.1305
645 -87.1308
646 -87.1311
647 -87.1314
648 -87.1317
649 -87.132
650 -87.1323
651 -87.1326
652 -87.1329
653 -87.1332
654 -87.1335
655 -87.1338
656 -87.1341
657 -87.1344
658 -87.1347
659 -87.135
660 -87.1353
661 -87.1356
662 -87.1359
663 -87.1362
664 -87.1365
665 -87.1367
666 -87.137
667 -87.1373
668 -87.1376
669 -87.1379
670 -87.1382
671 -87.1385
672 -87.1388
673 -87.1391
674 -87.1394
675 -87.1396
676 -87.1399
677 -87.1402
678 -87.1405
679 -87.1408
680 -87.1411
681 -87.1414
682 -87.1417
683 -87.1419
684 -87.1422
685 -87.1425
686 -87.1428
687 -87.1431
688 -87.1434
689 -87.1436
690 -87.1439
691 -87.1442
692 -87.1445
693 -87.1448
694 -87.145
695 -87.1453
696 -87.1456
697 -87.1459
698 -87.1462
699 -87.1464
700 -87.1467
701 -87.147
702 -87.1473
703 -87.1476
704 -87.1478
705 -87.1481
706 -87.1484
707 -87.1487
708 -87.1489
709 -87.1492
710 -87.1495
711 -87.1498
712 -87.15
713 -87.1503
714 -87.1506
715 -87.1509
716 -87.1511
717 -87.1514
718 -87.1517
719 -87.1519
720 -87.1522
721 -87.1525
722 -87.1527
723 -87.153
724 -87.1533
725 -87.1536
726 -87.1538
727 -87.1541
728 -87.1544
729 -87.1546
730 -87.1549
731 -87.1552
732 -87.1554
733 -87.1557
734 -87.156
735 -87.1562
736 -87.1565
737 -87.1567
738 -87.157
739 -87.1573
740 -87.1575
741 -87.1578
742 -87.1581
743 -87.1583
744 -87.1586
745 -87.1588
746 -87.1591
747 -87.1594
748 -87.1596
749 -87.1599
750 -87.1601
751 -87.1604
752 -87.1607
753 -87.1609
754 -87.1612
755 -87.1614
756 -87.1617
757 -87.162
758 -87.1622
759 -87.1625
760 -87.1627
761 -87.163
762 -87.1632
763 -87.1635
764 -87.1637
765 -87.164
766 -87.1642
767 -87.1645
768 -87.1648
769 -87.165
770 -87.1653
771 -87.1655
772 -87.1658
773 -87.166
774 -87.1663
775 -87.1665
776 -87.1668
777 -87.167
778 -87.1673
779 -87.1675
780 -87.1678
781 -87.168
782 -87.1683
783 -87.1685
784 -87.1688
785 -87.169
786 -87.1692
787 -87.1695
788 -87.1697
789 -87.17
790 -87.1702
791 -87.1705
792 -87.1707
793 -87.171
794 -87.1712
795 -87.1714
796 -87.1717
797 -87.1719
798 -87.1722
799 -87.1724
800 -87.1727
801 -87.1729
802 -87.1731
803 -87.1734
804 -87.1736
805 -87.1739
806 -87.1741
807 -87.1743
808 -87.1746
809 -87.1748
810 -87.1751
811 -87.1753
812 -87.1755
813 -87.1758
814 -87.176
815 -87.1762
816 -87.1765
817 -87.1767
818 -87.177
819 -87.1772
820 -87.1774
821 -87.1777
822 -87.1779
823 -87.1781
824 -87.1784
825 -87.1786
826 -87.1788
827 -87.1791
828 -87.1793
829 -87.1795
830 -87.1798
831 -87.18
832 -87.1802
833 -87.1805
834 -87.1807
835 -87.1809
836 -87.1811
837 -87.1814
838 -87.1816
839 -87.1818
840 -87.1821
841 -87.1823
842 -87.1825
843 -87.1827
844 -87.183
845 -87.1832
846 -87.1834
847 -87.1837
848 -87.1839
849 -87.1841
850 -87.1843
851 -87.1846
852 -87.1848
853 -87.185
854 -87.1852
855 -87.1855
856 -87.1857
857 -87.1859
858 -87.1861
859 -87.1863
860 -87.1866
861 -87.1868
862 -87.187
863 -87.1872
864 -87.1875
865 -87.1877
866 -87.1879
867 -87.1881
868 -87.1883
869 -87.1886
870 -87.1888
871 -87.189
872 -87.1892
873 -87.1894
874 -87.1897
875 -87.1899
876 -87.1901
877 -87.1903
878 -87.1905
879 -87.1907
880 -87.191
881 -87.1912
882 -87.1914
883 -87.1916
884 -87.1918
885 -87.192
886 -87.1922
887 -87.1925
888 -87.1927
889 -87.1929
890 -87.1931
891 -87.1933
892 -87.1935
893 -87.1937
894 -87.194
895 -87.1942
896 -87.1944
897 -87.1946
898 -87.1948
899 -87.195
900 -87.1952
901 -87.1954
902 -87.1956
903 -87.1959
904 -87.1961
905 -87.1963
906 -87.1965
907 -87.1967
908 -87.1969
909 -87.1971
910 -87.1973
911 -87.1975
912 -87.1977
913 -87.1979
914 -87.1981
915 -87.1983
916 -87.1985
917 -87.1988
918 -87.199
919 -87.1992
920 -87.1994
921 -87.1996
922 -87.1998
923 -87.2
924 -87.2002
925 -87.2004
926 -87.2006
927 -87.2008
928 -87.201
929 -87.2012
930 -87.2014
931 -87.2016
932 -87.2018
933 -87.202
934 -87.2022
935 -87.2024
936 -87.2026
937 -87.2028
938 -87.203
939 -87.2032
940 -87.2034
941 -87.2036
942 -87.2038
943 -87.204
944 -87.2042
945 -87.2044
946 -87.2046
947 -87.2048
948 -87.205
949 -87.2052
950 -87.2054
951 -87.2056
952 -87.2058
953 -87.206
954 -87.2062
955 -87.2064
956 -87.2066
957 -87.2068
958 -87.2069
959 -87.2071
960 -87.2073
961 -87.2075
962 -87.2077
963 -87.2079
964 -87.2081
965 -87.2083
966 -87.2085
967 -87.2087
968 -87.2089
969 -87.2091
970 -87.2093
971 -87.2095
972 -87.2096
973 -87.2098
974 -87.21
975 -87.2102
976 -87.2104
977 -87.2106
978 -87.2108
979 -87.211
980 -87.2112
981 -87.2113
982 -87.2115
983 -87.2117
984 -87.2119
985 -87.2121
986 -87.2123
987 -87.2125
988 -87.2127
989 -87.2128
990 -87.213
991 -87.2132
992 -87.2134
993 -87.2136
994 -87.2138
995 -87.214
996 -87.2141
997 -87.2143
998 -87.2145
999 -87.2147
1000 -41.8169
1001 -41.8853
1002 -41.938
1003 -41.9754
1004 -41.9985
1005 -42.0083
1006 -42.0059
1007 -41.9923
1008 -41.9683
1009 -41.9343
1010 -41.8908
1011 -41.8382
1012 -41.7771
1013 -41.7078
1014 -41.6307
1015 -41.5462
1016 -41.4547
1017 -41.3567
1018 -41.2524
1019 -41.1423
1020 -41.0267
1021 -40.906
1022 -40.7804
1023 -40.6503
1024 -40.516
1025 -40.3777
1026 -40.2359
1027 -40.0906
1028 -39.9421
1029 -39.7908
1030 -39.6367
1031 -39.4802
1032 -39.3214
1033 -39.1606
1034 -38.9978
1035 -38.8333
1036 -38.6672
1037 -38.4997
1038 -38.331
1039 -38.1611
1040 -37.9901
1041 -37.8183
1042 -37.6457
1043 -37.4724
1044 -37.2985
1045 -37.1241
1046 -36.9493
1047 -36.7743
1048 -36.5989
1049 -36.4234
1050 -36.2479
1051 -36.0722
1052 -35.8967
1053 -35.7211
1054 -35.5458
1055 -35.3706
1056 -35.1957
1057 -35.021
1058 -34.8467
1059 -34.6727
1060 -34.4992
1061 -34.3261
1062 -34.1535
1063 -33.9814
1064 -33.8098
1065 -33.6388
1066 -33.4684
1067 -33.2987
1068 -33.1296
1069 -32.9612
1070 -32.7935
1071 -32.6266
1072 -32.4604
1073 -32.2949
1074 -32.1302
1075 -31.9663
1076 -31.8032
1077 -31.6409
1078 -31.4794
1079 -31.3187
1080 -31.1588
1081 -30.9998
1082 -30.8416
1083 -30.6842
1084 -30.5276
1085 -30.3719
1086 -30.2171
1087 -30.063
1088 -29.9098
1089 -29.7575
1090 -29.6059
1091 -29.4552
1092 -29.3054
1093 -29.1563
1094 -29.0081
1095 -28.8607
1096 -28.7141
1097 -28.5684
1098 -28.4234
1099 -28.2793
1100 -28.136
1101 -27.9934
1102 -27.8517
1103 -27.7108
1104 -27.5706
1105 -27.4312
1106 -27.2927
1107 -27.1548
1108 -27.0178
1109 -26.8815
1110 -26.746
1111 -26.6112
1112 -26.4772
1113 -26.3439
1114 -26.2114
1115 -26.0796
1116 -25.9486
1117 -25.8182
1118 -25.6886
1119 -25.5598
1120 -25.4316
1121 -25.3041
1122 -25.1774
1123 -25.0513
1124 -24.926
1125 -24.8013
1126 -24.6773
1127 -24.554
1128 -24.4314
1129 -24.3095
1130 -24.1883
1131 -24.0677
1132 -23.9478
1133 -23.8285
1134 -23.71
1135 -23.5921
1136 -23.4748
1137 -23.3582
1138 -23.2423
1139 -23.127
1140 -23.0124
1141 -22.8984
1142 -22.7851
1143 -22.6724
1144 -22.5603
1145 -22.4489
1146 -22.3381
1147 -22.228
1148 -22.1185
1149 -22.0097
1150 -21.9014
1151 -21.7939
1152 -21.6869
1153 -21.5806
1154 -21.4749
1155 -21.3698
1156 -21.2654
1157 -21.1616
1158 -21.0585
1159 -20.956
1160 -20.8541
1161 -20.7528
1162 -20.6522
1163 -20.5523
1164 -20.4529
1165 -20.3542
1166 -20.2561
1167 -20.1586
1168 -20.0617
1169 -19.9655
1170 -19.8699
1171 -19.7749
1172 -19.6805
1173 -19.5866
1174 -19.4934
1175 -19.4008
1176 -19.3087
1177 -19.2172
1178 -19.1262
1179 -19.0358
1180 -18.9459
1181 -18.8566
1182 -18.7677
1183 -18.6794
1184 -18.5915
1185 -18.5041
1186 -18.4173
1187 -18.3309
1188 -18.245
1189 -18.1595
1190 -18.0746
1191 -17.9901
1192 -17.9061
1193 -17.8226
1194 -17.7395
1195 -17.657
1196 -17.5749
1197 -17.4932
1198 -17.4121
1199 -17.3314
1200 -17.2512
1201 -17.1715
1202 -17.0922
1203 -17.0135
1204 -16.9352
1205 -16.8574
1206 -16.78
1207 -16.7031
1208 -16.6267
1209 -16.5508
1210 -16.4754
1211 -16.4004
1212 -16.3259
1213 -16.2519
1214 -16.1783
1215 -16.1052
1216 -16.0326
1217 -15.9604
1218 -15.8888
1219 -15.8176
1220 -15.7468
1221 -15.6766
1222 -15.6068
1223 -15.5374
1224 -15.4686
1225 -15.4002
1226 -15.3322
1227 -15.2647
1228 -15.1977
1229 -15.1311
1230 -15.065
1231 -14.9993
1232 -14.9341
1233 -14.8694
1234 -14.805
1235 -14.7412
1236 -14.6777
1237 -14.6147
1238 -14.5522
1239 -14.4901
1240 -14.4284
1241 -14.3671
1242 -14.3063
1243 -14.2459
1244 -14.186
1245 -14.1264
1246 -14.0673
1247 -14.0086
1248 -13.9504
1249 -13.8925
1250 -13.8351
1251 -13.7781
1252 -13.7215
1253 -13.6653
1254 -13.6095
1255 -13.5541
1256 -13.4991
1257 -13.4446
1258 -13.3904
1259 -13.3366
1260 -13.2833
1261 -13.2303
1262 -13.1777
1263 -13.1254
1264 -13.0736
1265 -13.0222
1266 -12.9711
1267 -12.9204
1268 -12.87
1269 -12.8201
1270 -12.7705
1271 -12.7212
1272 -12.6724
1273 -12.6238
1274 -12.5757
1275 -12.5278
1276 -12.4803
1277 -12.4332
1278 -12.3864
1279 -12.3399
1280 -12.2938
1281 -12.2479
1282 -12.2024
1283 -12.1572
1284 -12.1124
1285 -12.0678
1286 -12.0235
1287 -11.9796
1288 -11.9359
1289 -11.8925
1290 -11.8495
1291 -11.8067
1292 -11.7641
1293 -11.7219
1294 -11.6799
1295 -11.6382
1296 -11.5967
1297 -11.5555
1298 -11.5145
1299 -11.4738
1300 -11.4333
1301 -11.3931
1302 -11.3531
1303 -11.3133
1304 -11.2737
1305 -11.2344
1306 -11.1952
1307 -11.1562
1308 -11.1175
1309 -11.0789
1310 -11.0404
1311 -11.0022
1312 -10.9641
1313 -10.9261
1314 -10.8883
1315 -10.8506
1316 -10.8131
1317 -10.7756
1318 -10.7383
1319 -10.701
1320 -10.6638
1321 -10.6267
1322 -10.5897
1323 -10.5527
1324 -10.5158
1325 -10.4789
1326 -10.442
1327 -10.4051
1328 -10.3682
1329 -10.3312
1330 -10.2943
1331 -10.2573
1332 -10.2202
1333 -10.1831
1334 -10.1458
1335 -10.1085
1336 -10.071
1337 -10.0335
1338 -9.9957
1339 -9.95778
1340 -9.91968
1341 -9.88137
1342 -9.84283
1343 -9.80406
1344 -9.76502
1345 -9.7257
1346 -9.68608
1347 -9.64614
1348 -9.60585
1349 -9.5652
1350 -9.52417
1351 -9.48272
1352 -9.44083
1353 -9.39849
1354 -9.35566
1355 -9.31233
1356 -9.26845
1357 -9.22402
1358 -9.17899
1359 -9.13335
1360 -9.08706
1361 -9.04009
1362 -8.99241
1363 -8.944
1364 -8.89481
1365 -8.84483
1366 -8.794
1367 -8.74231
1368 -8.68971
1369 -8.63617
1370 -8.58166
1371 -8.52613
1372 -8.46955
1373 -8.41189
1374 -8.35309
1375 -8.29313
1376 -8.23196
1377 -8.16954
1378 -8.10583
1379 -8.04078
1380 -7.97436
1381 -7.90652
1382 -7.83721
1383 -7.76639
1384 -7.69402
1385 -7.62005
1386 -7.54442
1387 -7.4671
1388 -7.38804
1389 -7.30719
1390 -7.2245
1391 -7.13993
1392 -7.05342
1393 -6.96493
1394 -6.8744
1395 -6.7818
1396 -6.68707
1397 -6.59016
1398 -6.49103
1399 -6.38963
1400 -6.28591
1401 -6.17983
1402 -6.07134
1403 -5.96039
1404 -5.84695
1405 -5.73097
1406 -5.61241
1407 -5.49122
1408 -5.36738
1409 -5.24085
1410 -5.11158
1411 -4.97956
1412 -4.84474
1413 -4.7071
1414 -4.56662
1415 -4.42327
1416 -4.27704
1417 -4.1279
1418 -3.97585
1419 -3.82087
1420 -3.66296
1421 -3.50211
1422 -3.33833
1423 -3.17163
1424 -3.00201
1425 -2.82949
1426 -2.65409
1427 -2.47584
1428 -2.29475
1429 -2.11088
1430 -1.92425
1431 -1.73491
1432 -1.54291
1433 -1.34831
1434 -1.15117
1435 -0.951554
1436 -0.749535
1437 -0.545193
1438 -0.33861
1439 -0.129878
1440 0.0809084
1441 0.293647
1442 0.508229
1443 0.72454
1444 0.942461
1445 1.16186
1446 1.38261
1447 1.60457
1448 1.82759
1449 2.0515
1450 2.27616
1451 2.50138
1452 2.72699
1453 2.95279
1454 3.17858
1455 3.40415
1456 3.62926
1457 3.85369
1458 4.07717
1459 4.29944
1460 4.5202
1461 4.73915
1462 4.95597
1463 5.17031
1464 5.38178
1465 5.59001
1466 5.79458
1467 5.99503
1468 6.1909
1469 6.3817
1470 6.56691
1471 6.746
1472 6.91841
1473 7.08359
1474 7.24096
1475 7.38996
1476 7.53006
1477 7.66075
1478 7.78158
1479 7.8922
1480 7.99234
1481 8.08193
1482 8.16106
1483 8.23008
1484 8.28966
1485 8.34075
1486 8.3847
1487 8.42308
1488 8.45777
1489 8.49058
1490 8.52373
1491 8.55847
1492 8.59804
1493 8.64121
1494 8.69664
1495 8.75046
1496 8.83247
1497 8.8523
1498 8.86573
1499 8.19522
1500 6.44643
1501 -1.03058
1502 -14.5768
1503 -35.4247
1504 -53.9895
1505 -66.7252
1506 -75.0436
1507 -80.0209
1508 -82.9885
1509 -84.7458
1510 -85.7862
1511 -86.4007
1512 -86.7632
1513 -86.977
1514 -87.1029
1515 -87.1771
1516 -87.2209
1517 -87.2467
1518 -87.2619
1519 -87.2709
1520 -87.2762
1521 -87.2794
1522 -87.2813
1523 -87.2825
1524 -87.2832
1525 -87.2837
1526 -87.284
1527 -87.2842
1528 -87.2843
1529 -87.2845
1530 -87.2846
1531 -87.2847
1532 -87.2848
1533 -87.2849
1534 -87.285
1535 -87.2851
1536 -87.2852
1537 -87.2853
1538 -87.2854
1539 -87.2855
1540 -87.2855
1541 -87.2856
1542 -87.2857
1543 -87.2858
1544 -87.2859
1545 -87.286
1546 -87.2861
1547 -87.2862
1548 -87.2863
1549 -87.2864
1550 -87.2864
1551 -87.2865
1552 -87.2866
1553 -87.2867
1554 -87.2868
1555 -87.2869
1556 -87.287
1557 -87.2871
1558 -87.2872
1559 -87.2872
1560 -87.2873
1561 -87.2874
1562 -87.2875
1563 -87.2876
1564 -87.2877
1565 -87.2878
1566 -87.2879
1567 -87.2879
1568 -87.288
1569 -87.2881
1570 -87.2882
1571 -87.2883
1572 -87.2884
1573 -87.2885
1574 -87.2886
1575 -87.2886
1576 -87.2887
1577 -87.2888
1578 -87.2889
1579 -87.289
1580 -87.2891
1581 -87.2892
1582 -87.2892
1583 -87.2893
1584 -87.2894
1585 -87.2895
1586 -87.2896
1587 -87.2897
1588 -87.2898
1589 -87.2898
1590 -87.2899
1591 -87.29
1592 -87.2901
1593 -87.2902
1594 -87.2903
1595 -87.2903
1596 -87.2904
1597 -87.2905
1598 -87.2906
1599 -87.2907
1600 -87.2908
1601 -87.2908
1602 -87.2909
1603 -87.291
1604 -87.2911
1605 -87.2912
1606 -87.2913
1607 -87.2913
1608 -87.2914
1609 -87.2915
1610 -87.2916
1611 -87.2917
1612 -87.2918
1613 -87.2918
1614 -87.2919
1615 -87.292
1616 -87.2921
1617 -87.2922
1618 -87.2923
1619 -87.2923
1620 -87.2924
1621 -87.2925
1622 -87.2926
1623 -87.2927
1624 -87.2927
1625 -87.2928
1626 -87.2929
1627 -87.293
1628 -87.2931
1629 -87.2931
1630 -87.2932
1631 -87.2933
1632 -87.2934
1633 -87.2935
1634 -87.2936
1635 -87.2936
1636 -87.2937
1637 -87.2938
1638 -87.2939
1639 -87.294
1640 -87.294
1641 -87.2941
1642 -87.2942
1643 -87.2943
1644 -87.2943
1645 -87.2944
1646 -87.2945
1647 -87.2946
1648 -87.2947
1649 -87.2947
1650 -87.2948
1651 -87.2949
1652 -87.295
1653 -87.2951
1654 -87.2951
1655 -87.2952
1656 -87.2953
1657 -87.2954
1658 -87.2954
1659 -87.2955
1660 -87.2956
1661 -87.2957
1662 -87.2958
1663 -87.2958
1664 -87.2959
1665 -87.296
1666 -87.2961
1667 -87.2961
1668 -87.2962
1669 -87.2963
1670 -87.2964
1671 -87.2965
1672 -87.2965
1673 -87.2966
1674 -87.2967
1675 -87.2968
1676 -87.2968
1677 -87.2969
1678 -87.297
1679 -87.2971
1680 -87.2971
1681 -87.2972
1682 -87.2973
1683 -87.2974
1684 -87.2974
1685 -87.2975
1686 -87.2976
1687 -87.2977
1688 -87.2977
1689 -87.2978
1690 -87.2979
1691 -87.298
1692 -87.298
1693 -87.2981
1694 -87.2982
1695 -87.2983
1696 -87.2983
1697 -87.2984
1698 -87.2985
1699 -87.2986
1700 -87.2986
1701 -87.2987
1702 -87.2988
1703 -87.2989
1704 -87.2989
1705 -87.299
1706 -87.2991
1707 -87.2992
1708 -87.2992
1709 -87.2993
1710 -87.2994
1711 -87.2994
1712 -87.2995
1713 -87.2996
1714 -87.2997
1715 -87.2997
1716 -87.2998
1717 -87.2999
1718 -87.3
1719 -87.3
1720 -87.3001
1721 -87.3002
1722 -87.3002
1723 -87.3003
1724 -87.3004
1725 -87.3005
1726 -87.3005
1727 -87.3006
1728 -87.3007
1729 -87.3007
1730 -87.3008
1731 -87.3009
1732 -87.301
1733 -87.301
1734 -87.3011
1735 -87.3012
1736 -87.3012
1737 -87.3013
1738 -87.3014
1739 -87.3015
1740 -87.3015
1741 -87.3016
1742 -87.3017
1743 -87.3017
1744 -87.3018
1745 -87.3019
1746 -87.3019
1747 -87.302
1748 -87.3021
1749 -87.3022
1750 -87.3022
1751 -87.3023
1752 -87.3024
1753 -87.3024
1754 -87.3025
1755 -87.3026
1756 -87.3026
1757 -87.3027
1758 -87.3028
1759 -87.3028
1760 -87.3029
1761 -87.303
1762 -87.3031
1763 -87.3031
1764 -87.3032
1765 -87.3033
1766 -87.3033
1767 -87.3034
1768 -87.3035
1769 -87.3035
1770 -87.3036
1771 -87.3037
1772 -87.3037
1773 -87.3038
1774 -87.3039
1775 -87.3039
1776 -87.304
1777 -87.3041
1778 -87.3041
1779 -87.3042
1780 -87.3043
1781 -87.3043
1782 -87.3044
1783 -87.3045
1784 -87.3045
1785 -87.3046
1786 -87.3047
1787 -87.3047
1788 -87.3048
1789 -87.3049
1790 -87.3049
1791 -87.305
1792 -87.3051
1793 -87.3051
1794 -87.3052
1795 -87.3053
1796 -87.3053
1797 -87.3054
1798 -87.3055
1799 -87.3055
1800 -87.3056
1801 -87.3057
1802 -87.3057
1803 -87.3058
1804 -87.3059
1805 -87.3059
1806 -87.306
1807 -87.3061
1808 -87.3061
1809 -87.3062
1810 -87.3063
1811 -87.3063
1812 -87.3064
1813 -87.3064
1814 -87.3065
1815 -87.3066
1816 -87.3066
1817 -87.3067
1818 -87.3068
1819 -87.3068
1820 -87.3069
1821 -87.307
1822 -87.307
1823 -87.3071
1824 -87.3071
1825 -87.3072
1826 -87.3073
1827 -87.3073
1828 -87.3074
1829 -87.3075
1830 -87.3075
1831 -87.3076
1832 -87.3077
1833 -87.3077
1834 -87.3078
1835 -87.3078
1836 -87.3079
1837 -87.308
1838 -87.308
1839 -87.3081
1840 -87.3082
1841 -87.3082
1842 -87.3083
1843 -87.3083
1844 -87.3084
1845 -87.3085
1846 -87.3085
1847 -87.3086
1848 -87.3087
1849 -87.3087
1850 -87.3088
1851 -87.3088
1852 -87.3089
1853 -87.309
1854 -87.309
1855 -87.3091
1856 -87.3091
1857 -87.3092
1858 -87.3093
1859 -87.3093
1860 -87.3094
1861 -87.3095
1862 -87.3095
1863 -87.3096
1864 -87.3096
1865 -87.3097
1866 -87.3098
1867 -87.3098
1868 -87.3099
1869 -87.3099
1870 -87.31
1871 -87.3101
1872 -87.3101
1873 -87.3102
1874 -87.3102
1875 -87.3103
1876 -87.3104
1877 -87.3104
1878 -87.3105
1879 -87.3105
1880 -87.3106
1881 -87.3107
1882 -87.3107
1883 -87.3108
1884 -87.3108
1885 -87.3109
1886 -87.311
1887 -87.311
1888 -87.3111
1889 -87.3111
1890 -87.3112
1891 -87.3113
1892 -87.3113
1893 -87.3114
1894 -87.3114
1895 -87.3115
1896 -87.3115
1897 -87.3116
1898 -87.3117
1899 -87.3117
1900 -87.3118
1901 -87.3118
1902 -87.3119
1903 -87.312
1904 -87.312
1905 -87.3121
1906 -87.3121
1907 -87.3122
1908 -87.3122
1909 -87.3123
1910 -87.3124
1911 -87.3124
1912 -87.3125
1913 -87.3125
1914 -87.3126
1915 -87.3126
1916 -87.3127
1917 -87.3128
1918 -87.3128
1919 -87.3129
1920 -87.3129
1921 -87.313
1922 -87.313
1923 -87.3131
1924 -87.3132
1925 -87.3132
1926 -87.3133
1927 -87.3133
1928 -87.3134
1929 -87.3134
1930 -87.3135
1931 -87.3135
1932 -87.3136
1933 -87.3137
1934 -87.3137
1935 -87.3138
1936 -87.3138
1937 -87.3139
1938 -87.3139
1939 -87.314
1940 -87.3141
1941 -87.3141
1942 -87.3142
1943 -87.3142
1944 -87.3143
1945 -87.3143
1946 -87.3144
1947 -87.3144
1948 -87.3145
1949 -87.3146
1950 -87.3146
1951 -87.3147
1952 -87.3147
1953 -87.3148
1954 -87.3148
1955 -87.3149
1956 -87.3149
1957 -87.315
1958 -87.315
1959 -87.3151
1960 -87.3152
1961 -87.3152
1962 -87.3153
1963 -87.3153
1964 -87.3154
1965 -87.3154
1966 -87.3155
1967 -87.3155
1968 -87.3156
1969 -87.3156
1970 -87.3157
1971 -87.3157
1972 -87.3158
1973 -87.3159
1974 -87.3159
1975 -87.316
1976 -87.316
1977 -87.3161
1978 -87.3161
1979 -87.3162
1980 -87.3162
1981 -87.3163
1982 -87.3163
1983 -87.3164
1984 -87.3164
1985 -87.3165
1986 -87.3165
1987 -87.3166
1988 -87.3166
1989 -87.3167
1990 -87.3168
1991 -87.3168
1992 -87.3169
1993 -87.3169
1994 -87.317
1995 -87.317
1996 -87.3171
1997 -87.3171
1998 -87.3172
1999 -87.3172
2000 -86.1132
2001 -86.1157
2002 -86.1183
2003 -86.1211
2004 -86.1239
2005 -86.1265
2006 -86.1289
2007 -86.1308
2008 -86.1324
2009 -86.1334
2010 -86.134
2011 -86.1341
2012 -86.1338
2013 -86.133
2014 -86.1317
2015 -86.13
2016 -86.1279
2017 -86.1254
2018 -86.1225
2019 -86.1193
2020 -86.1158
2021 -86.112
2022 -86.108
2023 -86.1036
2024 -86.0991
2025 -86.0943
2026 -86.0894
2027 -86.0843
2028 -86.0789
2029 -86.0735
2030 -86.0679
2031 -86.0621
2032 -86.0562
2033 -86.0502
2034 -86.0441
2035 -86.0379
2036 -86.0316
2037 -86.0252
2038 -86.0187
2039 -86.0121
2040 -86.0055
2041 -85.9987
2042 -85.9919
2043 -85.9851
2044 -85.9781
2045 -85.9711
2046 -85.964
2047 -85.9569
2048 -85.9497
2049 -85.9424
2050 -85.9351
2051 -85.9277
2052 -85.9203
2053 -85.9128
2054 -85.9053
2055 -85.8977
2056 -85.89
2057 -85.8823
2058 -85.8746
2059 -85.8668
2060 -85.8589
2061 -85.851
2062 -85.8431
2063 -85.835
2064 -85.827
2065 -85.8189
2066 -85.8108
2067 -85.8026
2068 -85.7944
2069 -85.7861
2070 -85.7778
2071 -85.7695
2072 -85.7611
2073 -85.7527
2074 -85.7443
2075 -85.7358
2076 -85.7273
2077 -85.7188
2078 -85.7102
2079 -85.7016
2080 -85.6929
2081 -85.6842
2082 -85.6755
2083 -85.6667
2084 -85.6579
2085 -85.6491
2086 -85.6402
2087 -85.6312
2088 -85.6222
2089 -85.6132
2090 -85.6041
2091 -85.595
2092 -85.5859
2093 -85.5767
2094 -85.5674
2095 -85.5581
2096 -85.5487
2097 -85.5393
2098 -85.5299
2099 -85.5204
2100 -85.5108
2101 -85.5012
2102 -85.4916
2103 -85.4818
2104 -85.4721
2105 -85.4623
2106 -85.4524
2107 -85.4424
2108 -85.4324
2109 -85.4224
2110 -85.4123
2111 -85.4021
2112 -85.3919
2113 -85.3816
2114 -85.3712
2115 -85.3608
2116 -85.3503
2117 -85.3397
2118 -85.3291
2119 -85.3184
2120 -85.3076
2121 -85.2968
2122 -85.2859
2123 -85.2749
2124 -85.2638
2125 -85.2527
2126 -85.2414
2127 -85.2301
2128 -85.2187
2129 -85.2072
2130 -85.1957
2131 -85.184
2132 -85.1723
2133 -85.1604
2134 -85.1485
2135 -85.1365
2136 -85.1243
2137 -85.1121
2138 -85.0998
2139 -85.0873
2140 -85.0748
2141 -85.0621
2142 -85.0494
2143 -85.0365
2144 -85.0235
2145 -85.0104
2146 -84.9971
2147 -84.9838
2148 -84.9703
2149 -84.9567
2150 -84.9429
2151 -84.929
2152 -84.9149
2153 -84.9008
2154 -84.8864
2155 -84.8719
2156 -84.8573
2157 -84.8425
2158 -84.8275
2159 -84.8124
2160 -84.7971
2161 -84.7816
2162 -84.7659
2163 -84.7501
2164 -84.7341
2165 -84.7178
2166 -84.7014
2167 -84.6848
2168 -84.668
2169 -84.6509
2170 -84.6337
2171 -84.6162
2172 -84.5985
2173 -84.5805
2174 -84.5623
2175 -84.5439
2176 -84.5252
2177 -84.5062
2178 -84.4869
2179 -84.4674
2180 -84.4475
2181 -84.4273
2182 -84.4069
2183 -84.386
2184 -84.3648
2185 -84.3433
2186 -84.3214
2187 -84.2991
2188 -84.2764
2189 -84.2534
2190 -84.2299
2191 -84.206
2192 -84.1817
2193 -84.1569
2194 -84.1317
2195 -84.106
2196 -84.0798
2197 -84.0531
2198 -84.026
2199 -83.9983
2200 -83.9701
2201 -83.9413
2202 -83.912
2203 -83.8821
2204 -83.8516
2205 -83.8205
2206 -83.7888
2207 -83.7564
2208 -83.7234
2209 -83.6897
2210 -83.6553
2211 -83.6202
2212 -83.5843
2213 -83.5477
2214 -83.5103
2215 -83.4721
2216 -83.4331
2217 -83.3933
2218 -83.3526
2219 -83.311
2220 -83.2684
2221 -83.225
2222 -83.1806
2223 -83.1352
2224 -83.0888
2225 -83.0414
2226 -82.9929
2227 -82.9433
2228 -82.8926
2229 -82.8408
2230 -82.7878
2231 -82.7335
2232 -82.6781
2233 -82.6214
2234 -82.5634
2235 -82.504
2236 -82.4433
2237 -82.3813
2238 -82.3178
2239 -82.2528
2240 -82.1864
2241 -82.1184
2242 -82.0489
2243 -81.9778
2244 -81.9051
2245 -81.8307
2246 -81.7547
2247 -81.6769
2248 -81.5973
2249 -81.516
2250 -81.4328
2251 -81.3478
2252 -81.2609
2253 -81.172
2254 -81.0811
2255 -80.9883
2256 -80.8934
2257 -80.7965
2258 -80.6974
2259 -80.5962
2260 -80.4928
2261 -80.3873
2262 -80.2795
2263 -80.1694
2264 -80.057
2265 -79.9423
2266 -79.8253
2267 -79.7058
2268 -79.584
2269 -79.4597
2270 -79.333
2271 -79.2037
2272 -79.072
2273 -78.9378
2274 -78.801
2275 -78.6617
2276 -78.5198
2277 -78.3754
2278 -78.2283
2279 -78.0786
2280 -77.9264
2281 -77.7715
2282 -77.614
2283 -77.4539
2284 -77.2912
2285 -77.1259
2286 -76.958
2287 -76.7876
2288 -76.6145
2289 -76.4389
2290 -76.2607
2291 -76.0801
2292 -75.8969
2293 -75.7113
2294 -75.5232
2295 -75.3327
2296 -75.1399
2297 -74.9447
2298 -74.7472
2299 -74.5474
2300 -74.3454
2301 -74.1413
2302 -73.935
2303 -73.7266
2304 -73.5162
2305 -73.3039
2306 -73.0896
2307 -72.8735
2308 -72.6556
2309 -72.4359
2310 -72.2145
2311 -71.9916
2312 -71.7671
2313 -71.5411
2314 -71.3136
2315 -71.0848
2316 -70.8548
2317 -70.6235
2318 -70.391
2319 -70.1574
2320 -69.9229
2321 -69.6873
2322 -69.4509
2323 -69.2136
2324 -68.9756
2325 -68.7369
2326 -68.4976
2327 -68.2577
2328 -68.0173
2329 -67.7764
2330 -67.5352
2331 -67.2937
2332 -67.0518
2333 -66.8098
2334 -66.5676
2335 -66.3254
2336 -66.083
2337 -65.8407
2338 -65.5985
2339 -65.3563
2340 -65.1143
2341 -64.8724
2342 -64.6308
2343 -64.3895
2344 -64.1485
2345 -63.9079
2346 -63.6676
2347 -63.4277
2348 -63.1884
2349 -62.9494
2350 -62.7111
2351 -62.4732
2352 -62.2359
2353 -61.9993
2354 -61.7632
2355 -61.5278
2356 -61.293
2357 -61.0589
2358 -60.8256
2359 -60.5929
2360 -60.361
2361 -60.1298
2362 -59.8993
2363 -59.6697
2364 -59.4408
2365 -59.2127
2366 -58.9855
2367 -58.759
2368 -58.5333
2369 -58.3085
2370 -58.0845
2371 -57.8613
2372 -57.639
2373 -57.4175
2374 -57.1969
2375 -56.9771
2376 -56.7581
2377 -56.54
2378 -56.3227
2379 -56.1063
2380 -55.8907
2381 -55.6759
2382 -55.462
2383 -55.249
2384 -55.0367
2385 -54.8253
2386 -54.6147
2387 -54.405
2388 -54.1961
2389 -53.9879
2390 -53.7806
2391 -53.5741
2392 -53.3684
2393 -53.1635
2394 -52.9594
2395 -52.756
2396 -52.5535
2397 -52.3517
2398 -52.1507
2399 -51.9504
2400 -51.7509
2401 -51.5521
2402 -51.3541
2403 -51.1568
2404 -50.9602
2405 -50.7644
2406 -50.5692
2407 -50.3748
2408 -50.1811
2409 -49.988
2410 -49.7957
2411 -49.604
2412 -49.413
2413 -49.2227
2414 -49.033
2415 -48.844
2416 -48.6556
2417 -48.4679
2418 -48.2808
2419 -48.0943
2420 -47.9085
2421 -47.7232
2422 -47.5386
2423 -47.3546
2424 -47.1712
2425 -46.9884
2426 -46.8061
2427 -46.6245
2428 -46.4434
2429 -46.2629
2430 -46.083
2431 -45.9036
2432 -45.7248
2433 -45.5465
2434 -45.3688
2435 -45.1916
2436 -45.015
2437 -44.8388
2438 -44.6633
2439 -44.4882
2440 -44.3137
2441 -44.1396
2442 -43.9661
2443 -43.7931
2444 -43.6206
2445 -43.4487
2446 -43.2772
2447 -43.1062
2448 -42.9357
2449 -42.7657
2450 -42.5961
2451 -42.4271
2452 -42.2585
2453 -42.0904
2454 -41.9228
2455 -41.7557
2456 -41.5891
2457 -41.4229
2458 -41.2572
2459 -41.0919
2460 -40.9271
2461 -40.7628
2462 -40.5989
2463 -40.4356
2464 -40.2726
2465 -40.1101
2466 -39.9481
2467 -39.7866
2468 -39.6255
2469 -39.4648
2470 -39.3046
2471 -39.1449
2472 -38.9856
2473 -38.8268
2474 -38.6684
2475 -38.5105
2476 -38.353
2477 -38.196
2478 -38.0394
2479 -37.8833
2480 -37.7277
2481 -37.5725
2482 -37.4178
2483 -37.2635
2484 -37.1097
2485 -36.9563
2486 -36.8034
2487 -36.651
2488 -36.499
2489 -36.3475
2490 -36.1964
2491 -36.0459
2492 -35.8957
2493 -35.7461
2494 -35.5969
2495 -35.4482
2496 -35.3
2497 -35.1522
2498 -35.0049
2499 -34.8581
2500 -34.7118
2501 -34.5659
2502 -34.4206
2503 -34.2757
2504 -34.1313
2505 -33.9874
2506 -33.844
2507 -33.701
2508 -33.5586
2509 -33.4167
2510 -33.2752
2511 -33.1343
2512 -32.9938
2513 -32.8538
2514 -32.7144
2515 -32.5754
2516 -32.437
2517 -32.299
2518 -32.1616
2519 -32.0247
2520 -31.8882
2521 -31.7523
2522 -31.6169
2523 -31.482
2524 -31.3476
2525 -31.2138
2526 -31.0804
2527 -30.9475
2528 -30.8152
2529 -30.6834
2530 -30.5521
2531 -30.4212
2532 -30.291
2533 -30.1612
2534 -30.0319
2535 -29.9032
2536 -29.7749
2537 -29.6472
2538 -29.52
2539 -29.3933
2540 -29.2671
2541 -29.1414
2542 -29.0162
2543 -28.8916
2544 -28.7674
2545 -28.6438
2546 -28.5206
2547 -28.398
2548 -28.2759
2549 -28.1542
2550 -28.0331
2551 -27.9125
2552 -27.7924
2553 -27.6727
2554 -27.5536
2555 -27.435
2556 -27.3169
2557 -27.1992
2558 -27.0821
2559 -26.9654
2560 -26.8493
2561 -26.7336
2562 -26.6184
2563 -26.5038
2564 -26.3896
2565 -26.2759
2566 -26.1626
2567 -26.0499
2568 -25.9377
2569 -25.8259
2570 -25.7147
2571 -25.6039
2572 -25.4936
2573 -25.3837
2574 -25.2744
2575 -25.1655
2576 -25.0571
2577 -24.9491
2578 -24.8416
2579 -24.7345
2580 -24.6279
2581 -24.5216
2582 -24.4158
2583 -24.3105
2584 -24.2055
2585 -24.101
2586 -23.9969
2587 -23.8932
2588 -23.7899
2589 -23.687
2590 -23.5845
2591 -23.4825
2592 -23.3808
2593 -23.2796
2594 -23.1788
2595 -23.0783
2596 -22.9783
2597 -22.8787
2598 -22.7795
2599 -22.6807
2600 -22.5823
2601 -22.4843
2602 -22.3868
2603 -22.2896
2604 -22.1928
2605 -22.0964
2606 -22.0005
2607 -21.9049
2608 -21.8097
2609 -21.7149
2610 -21.6206
2611 -21.5266
2612 -21.433
2613 -21.3399
2614 -21.2471
2615 -21.1547
2616 -21.0628
2617 -20.9712
2618 -20.88
2619 -20.7892
2620 -20.6989
2621 -20.6089
2622 -20.5193
2623 -20.4301
2624 -20.3413
2625 -20.2529
2626 -20.1649
2627 -20.0773
2628 -19.9901
2629 -19.9033
2630 -19.8169
2631 -19.7309
2632 -19.6453
2633 -19.5601
2634 -19.4753
2635 -19.3909
2636 -19.3069
2637 -19.2232
2638 -19.14
2639 -19.0572
2640 -18.9748
2641 -18.8927
2642 -18.8111
2643 -18.7298
2644 -18.6489
2645 -18.5685
2646 -18.4884
2647 -18.4087
2648 -18.3293
2649 -18.2504
2650 -18.1719
2651 -18.0937
2652 -18.0159
2653 -17.9385
2654 -17.8615
2655 -17.7848
2656 -17.7085
2657 -17.6326
2658 -17.5571
2659 -17.482
2660 -17.4072
2661 -17.3328
2662 -17.2588
2663 -17.1851
2664 -17.1118
2665 -17.0389
2666 -16.9664
2667 -16.8942
2668 -16.8224
2669 -16.751
2670 -16.6799
2671 -16.6092
2672 -16.5388
2673 -16.4689
2674 -16.3992
2675 -16.33
2676 -16.2611
2677 -16.1926
2678 -16.1244
2679 -16.0566
2680 -15.9891
2681 -15.922
2682 -15.8553
2683 -15.7889
2684 -15.7229
2685 -15.6572
2686 -15.5919
2687 -15.5269
2688 -15.4623
2689 -15.3981
2690 -15.3342
2691 -15.2706
2692 -15.2074
2693 -15.1446
2694 -15.0821
2695 -15.0199
2696 -14.9581
2697 -14.8967
2698 -14.8355
2699 -14.7748
2700 -14.7144
2701 -14.6543
2702 -14.5946
2703 -14.5352
2704 -14.4762
2705 -14.4175
2706 -14.3591
2707 -14.3011
2708 -14.2435
2709 -14.1862
2710 -14.1292
2711 -14.0726
2712 -14.0163
2713 -13.9604
2714 -13.9048
2715 -13.8495
2716 -13.7946
2717 -13.74
2718 -13.6858
2719 -13.6319
2720 -13.5784
2721 -13.5252
2722 -13.4724
2723 -13.4199
2724 -13.3677
2725 -13.316
2726 -13.2645
2727 -13.2134
2728 -13.1627
2729 -13.1124
2730 -13.0624
2731 -13.0127
2732 -12.9634
2733 -12.9145
2734 -12.8659
2735 -12.8177
2736 -12.7698
2737 -12.7223
2738 -12.6751
2739 -12.6282
2740 -12.5816
2741 -12.5353
2742 -12.4893
2743 -12.4435
2744 -12.3981
2745 -12.3529
2746 -12.308
2747 -12.2634
2748 -12.2191
2749 -12.175
2750 -12.1313
2751 -12.0878
2752 -12.0445
2753 -12.0016
2754 -11.9589
2755 -11.9165
2756 -11.8745
2757 -11.8326
2758 -11.7911
2759 -11.7499
2760 -11.7089
2761 -11.6683
2762 -11.6279
2763 -11.5878
2764 -11.5481
2765 -11.5086
2766 -11.4693
2767 -11.4304
2768 -11.3918
2769 -11.3534
2770 -11.3153
2771 -11.2776
2772 -11.24
2773 -11.2028
2774 -11.1659
2775 -11.1292
2776 -11.0928
2777 -11.0566
2778 -11.0208
2779 -10.9852
2780 -10.9498
2781 -10.9148
2782 -10.8799
2783 -10.8454
2784 -10.8111
2785 -10.777
2786 -10.7432
2787 -10.7097
2788 -10.6763
2789 -10.6432
2790 -10.6104
2791 -10.5778
2792 -10.5454
2793 -10.5132
2794 -10.4812
2795 -10.4495
2796 -10.418
2797 -10.3866
2798 -10.3555
2799 -10.3246
2800 -10.2938
2801 -10.2633
2802 -10.2329
2803 -10.2027
2804 -10.1727
2805 -10.1429
2806 -10.1132
2807 -10.0837
2808 -10.0543
2809 -10.025
2810 -9.99592
2811 -9.96695
2812 -9.93809
2813 -9.90935
2814 -9.88071
2815 -9.85217
2816 -9.82373
2817 -9.79536
2818 -9.76707
2819 -9.73885
2820 -9.71068
2821 -9.68256
2822 -9.65448
2823 -9.62642
2824 -9.59838
2825 -9.57034
2826 -9.5423
2827 -9.51424
2828 -9.48615
2829 -9.45802
2830 -9.42983
2831 -9.40157
2832 -9.37324
2833 -9.3448
2834 -9.31626
2835 -9.28759
2836 -9.25877
2837 -9.2298
2838 -9.20066
2839 -9.17132
2840 -9.14178
2841 -9.112
2842 -9.08198
2843 -9.05169
2844 -9.02112
2845 -8.99024
2846 -8.95903
2847 -8.92748
2848 -8.89555
2849 -8.86322
2850 -8.83048
2851 -8.7973
2852 -8.76364
2853 -8.7295
2854 -8.69484
2855 -8.65964
2856 -8.62386
2857 -8.58749
2858 -8.55049
2859 -8.51284
2860 -8.4745
2861 -8.43545
2862 -8.39565
2863 -8.35508
2864 -8.3137
2865 -8.27149
2866 -8.22839
2867 -8.1844
2868 -8.13946
2869 -8.09355
2870 -8.04662
2871 -7.99865
2872 -7.94959
2873 -7.89941
2874 -7.84807
2875 -7.79552
2876 -7.74172
2877 -7.68663
2878 -7.63018
2879 -7.57231
2880 -7.51296
2881 -7.45205
2882 -7.38951
2883 -7.32526
2884 -7.25922
2885 -7.19132
2886 -7.12149
2887 -7.04969
2888 -6.97585
2889 -6.89992
2890 -6.82184
2891 -6.74156
2892 -6.65902
2893 -6.57418
2894 -6.48699
2895 -6.3974
2896 -6.30536
2897 -6.21081
2898 -6.11372
2899 -6.01404
2900 -5.91171
2901 -5.80669
2902 -5.69894
2903 -5.5884
2904 -5.47503
2905 -5.35879
2906 -5.23962
2907 -5.1175
2908 -4.99238
2909 -4.86422
2910 -4.73298
2911 -4.59864
2912 -4.46116
2913 -4.32051
2914 -4.17667
2915 -4.02961
2916 -3.87933
2917 -3.7258
2918 -3.56902
2919 -3.40899
2920 -3.2457
2921 -3.07917
2922 -2.90941
2923 -2.73642
2924 -2.56025
2925 -2.38091
2926 -2.19845
2927 -2.01291
2928 -1.82434
2929 -1.63279
2930 -1.43833
2931 -1.24102
2932 -1.04096
2933 -0.838212
2934 -0.632881
2935 -0.425063
2936 -0.214863
2937 -0.00239215
2938 0.212222
2939 0.428857
2940 0.647376
2941 0.867637
2942 1.08949
2943 1.31278
2944 1.53735
2945 1.76302
2946 1.98962
2947 2.21697
2948 2.44486
2949 2.67311
2950 2.90149
2951 3.1298
2952 3.3578
2953 3.58525
2954 3.81192
2955 4.03753
2956 4.2618
2957 4.48446
2958 4.70519
2959 4.92368
2960 5.13957
2961 5.35252
2962 5.56214
2963 5.76803
2964 5.96976
2965 6.16688
2966 6.35892
2967 6.54539
2968 6.72576
2969 6.8995
2970 7.06605
2971 7.22487
2972 7.37539
2973 7.51705
2974 7.64933
2975 7.77173
2976 7.88381
2977 7.98522
2978 8.07571
2979 8.15519
2980 8.22375
2981 8.28175
2982 8.32986
2983 8.36913
2984 8.40108
2985 8.42762
2986 8.45114
2987 8.47425
2988 8.50013
2989 8.5323
2990 8.57844
2991 8.65144
2992 8.79675
2993 9.1166
2994 9.95445
2995 12.1318
2996 16.5036
2997 22.0167
2998 25.8283
2999 26.1905
