0 -78.7982
1 -70.9736
2 -63.8285
3 -59.6037
4 -61.5348
5 -69.5999
6 -76.6811
7 -81.0337
8 -83.5342
9 -84.9618
10 -85.7739
11 -86.2344
12 -86.4954
13 -86.6434
14 -86.7277
15 -86.776
16 -86.804
17 -86.8207
18 -86.831
19 -86.8377
20 -86.8423
21 -86.8458
22 -86.8486
23 -86.851
24 -86.8532
25 -86.8553
26 -86.8573
27 -86.8592
28 -86.8611
29 -86.8629
30 -86.8647
31 -86.8665
32 -86.8683
33 -86.87
34 -86.8717
35 -86.8734
36 -86.8751
37 -86.8767
38 -86.8784
39 -86.88
40 -86.8816
41 -86.8831
42 -86.8847
43 -86.8862
44 -86.8877
45 -86.8892
46 -86.8907
47 -86.8922
48 -86.8936
49 -86.8951
50 -86.8965
51 -86.8979
52 -86.8993
53 -86.9006
54 -86.902
55 -86.9033
56 -86.9046
57 -86.9059
58 -86.9072
59 -86.9085
60 -86.9098
61 -86.911
62 -86.9123
63 -86.9135
64 -86.9147
65 -86.9159
66 -86.9171
67 -86.9183
68 -86.9194
69 -86.9206
70 -86.9217
71 -86.9229
72 -86.924
73 -86.9251
74 -86.9262
75 -86.9273
76 -86.9284
77 -86.9294
78 -86.9305
79 -86.9315
80 -86.9326
81 -86.9336
82 -86.9346
83 -86.9356
84 -86.9366
85 -86.9376
86 -86.9386
87 -86.9396
88 -86.9406
89 -86.9415
90 -86.9425
91 -86.9434
92 -86.9444
93 -86.9453
94 -86.9462
95 -86.9471
96 -86.948
97 -86.9489
98 -86.9498
99 -86.9507
100 -86.9516
101 -86.9525
102 -86.9533
103 -86.9542
104 -86.9551
105 -86.9559
106 -86.9567
107 -86.9576
108 -86.9584
109 -86.9592
110 -86.9601
111 -86.9609
112 -86.9617
113 -86.9625
114 -86.9633
115 -86.9641
116 -86.9649
117 -86.9656
118 -86.9664
119 -86.9672
120 -86.968
121 -86.9687
122 -86.9695
123 -86.9702
124 -86.971
125 -86.9717
126 -86.9725
127 -86.9732
128 -86.9739
129 -86.9747
130 -86.9754
131 -86.9761
132 -86.9768
133 -86.9775
134 -86.9782
135 -86.9789
136 -86.9796
137 -86.9803
138 -86.981
139 -86.9817
140 -86.9824
141 -86.9831
142 -86.9838
143 -86.9844
144 -86.9851
145 -86.9858
146 -86.9864
147 -86.9871
148 -86.9878
149 -86.9884
150 -86.9891
151 -86.9897
152 -86.9904
153 -86.991
154 -86.9917
155 -86.9923
156 -86.9929
157 -86.9936
158 -86.9942
159 -86.9948
160 -86.9954
161 -86.9961
162 -86.9967
163 -86.9973
164 -86.9979
165 -86.9985
166 -86.9991
167 -86.9997
168 -87.0004
169 -87.001
170 -87.0016
171 -87.0022
172 -87.0027
173 -87.0033
174 -87.0039
175 -87.0045
176 -87.0051
177 -87.0057
178 -87.0063
179 -87.0069
180 -87.0074
181 -87.008
182 -87.0086
183 -87.0092
184 -87.0097
185 -87.0103
186 -87.0109
187 -87.0114
188 -87.012
189 -87.0125
190 -87.0131
191 -87.0137
192 -87.0142
193 -87.0148
194 -87.0153
195 -87.0159
196 -87.0164
197 -87.017
198 -87.0175
199 -87.0181
200 -87.0186
201 -87.0191
202 -87.0197
203 -87.0202
204 -87.0208
205 -87.0213
206 -87.0218
207 -87.0224
208 -87.0229
209 -87.0234
210 -87.0239
211 -87.0245
212 -87.025
213 -87.0255
214 -87.026
215 -87.0266
216 -87.0271
217 -87.0276
218 -87.0281
219 -87.0286
220 -87.0291
221 -87.0296
222 -87.0302
223 -87.0307
224 -87.0312
225 -87.0317
226 -87.0322
227 -87.0327
228 -87.0332
229 -87.0337
230 -87.0342
231 -87.0347
232 -87.0352
233 -87.0357
234 -87.0362
235 -87.0367
236 -87.0372
237 -87.0377
238 -87.0381
239 -87.0386
240 -87.0391
241 -87.0396
242 -87.0401
243 -87.0406
244 -87.0411
245 -87.0415
246 -87.042
247 -87.0425
248 -87.043
249 -87.0435
250 -87.0439
251 -87.0444
252 -87.0449
253 -87.0454
254 -87.0458
255 -87.0463
256 -87.0468
257 -87.0473
258 -87.0477
259 -87.0482
260 -87.0487
261 -87.0491
262 -87.0496
263 -87.0501
264 -87.0505
265 -87.051
266 -87.0514
267 -87.0519
268 -87.0524
269 -87.0528
270 -87.0533
271 -87.0537
272 -87.0542
273 -87.0547
274 -87.0551
275 -87.0556
276 -87.056
277 -87.0565
278 -87.0569
279 -87.0574
280 -87.0578
281 -87.0583
282 -87.0587
283 -87.0592
284 -87.0596
285 -87.06
286 -87.0605
287 -87.0609
288 -87.0614
289 -87.0618
290 -87.0623
291 -87.0627
292 -87.0631
293 -87.0636
294 -87.064
295 -87.0644
296 -87.0649
297 -87.0653
298 -87.0657
299 -87.0662
300 -87.0666
301 -87.067
302 -87.0675
303 -87.0679
304 -87.0683
305 -87.0688
306 -87.0692
307 -87.0696
308 -87.07
309 -87.0705
310 -87.0709
311 -87.0713
312 -87.0717
313 -87.0722
314 -87.0726
315 -87.073
316 -87.0734
317 -87.0738
318 -87.0743
319 -87.0747
320 -87.0751
321 -87.0755
322 -87.0759
323 -87.0763
324 -87.0767
325 -87.0772
326 -87.0776
327 -87.078
328 -87.0784
329 -87.0788
330 -87.0792
331 -87.0796
332 -87.08
333 -87.0804
334 -87.0808
335 -87.0812
336 -87.0817
337 -87.0821
338 -87.0825
339 -87.0829
340 -87.0833
341 -87.0837
342 -87.0841
343 -87.0845
344 -87.0849
345 -87.0853
346 -87.0857
347 -87.0861
348 -87.0865
349 -87.0869
350 -87.0873
351 -87.0876
352 -87.088
353 -87.0884
354 -87.0888
355 -87.0892
356 -87.0896
357 -87.09
358 -87.0904
359 -87.0908
360 -87.0912
361 -87.0916
362 -87.0919
363 -87.0923
364 -87.0927
365 -87.0931
366 -87.0935
367 -87.0939
368 -87.0943
369 -87.0946
370 -87.095
371 -87.0954
372 -87.0958
373 -87.0962
374 -87.0966
375 -87.0969
376 -87.0973
377 -87.0977
378 -87.0981
379 -87.0984
380 -87.0988
381 -87.0992
382 -87.0996
383 -87.0999
384 -87.1003
385 -87.1007
386 -87.1011
387 -87.1014
388 -87.1018
389 -87.1022
390 -87.1025
391 -87.1029
392 -87.1033
393 -87.1037
394 -87.104
395 -87.1044
396 -87.1048
397 -87.1051
398 -87.1055
399 -87.1059
400 -87.1062
401 -87.1066
402 -87.1069
403 -87.1073
404 -87.1077
405 -87.108
406 -87.1084
407 -87.1087
408 -87.1091
409 -87.1095
410 -87.1098
411 -87.1102
412 -87.1105
413 -87.1109
414 -87.1113
415 -87.1116
416 -87.112
417 -87.1123
418 -87.1127
419 -87.113
420 -87.1134
421 -87.1137
422 -87.1141
423 -87.1144
424 -87.1148
425 -87.1151
426 -87.1155
427 -87.1158
428 -87.1162
429 -87.1165
430 -87.1169
431 -87.1172
432 -87.1176
433 -87.1179
434 -87.1183
435 -87.1186
436 -87.1189
437 -87.1193
438 -87.1196
439 -87.12
440 -87.1203
441 -87.1207
442 -87.121
443 -87.1213
444 -87.1217
445 -87.122
446 -87.1224
447 -87.1227
448 -87.123
449 -87.1234
450 -87.1237
451 -87.124
452 -87.1244
453 -87.1247
454 -87.125
455 -87.1254
456 -87.1257
457 -87.126
458 -87.1264
459 -87.1267
460 -87.127
461 -87.1274
462 -87.1277
463 -87.128
464 -87.1284
465 -87.1287
466 -87.129
467 -87.1293
468 -87.1297
469 -87.13
470 -87.1303
471 -87.1306
472 -87.131
473 -87.1313
474 -87.1316
475 -87.1319
476 -87.1323
477 -87.1326
478 -87.1329
479 -87.1332
480 -87.1335
481 -87.1339
482 -87.1342
483 -87.1345
484 -87.1348
485 -87.1351
486 -87.1355
487 -87.1358
488 -87.1361
489 -87.1364
490 -87.1367
491 -87.137
492 -87.1374
493 -87.1377
494 -87.138
495 -87.1383
496 -87.1386
497 -87.1389
498 -87.1392
499 -87.1395
500 -87.1399
501 -87.1402
502 -87.1405
503 -87.1408
504 -87.1411
505 -87.1414
506 -87.1417
507 -87.142
508 -87.1423
509 -87.1426
510 -87.1429
511 -87.1432
512 -87.1435
513 -87.1439
514 -87.1442
515 -87.1445
516 -87.1448
517 -87.1451
518 -87.1454
519 -87.1457
520 -87.146
521 -87.1463
522 -87.1466
523 -87.1469
524 -87.1472
525 -87.1475
526 -87.1478
527 -87.1481
528 -87.1484
529 -87.1487
530 -87.149
531 -87.1493
532 -87.1496
533 -87.1498
534 -87.1501
535 -87.1504
536 -87.1507
537 -87.151
538 -87.1513
539 -87.1516
540 -87.1519
541 -87.1522
542 -87.1525
543 -87.1528
544 -87.1531
545 -87.1534
546 -87.1536
547 -87.1539
548 -87.1542
549 -87.1545
550 -87.1548
551 -87.1551
552 -87.1554
553 -87.1557
554 -87.1559
555 -87.1562
556 -87.1565
557 -87.1568
558 -87.1571
559 -87.1574
560 -87.1576
561 -87.1579
562 -87.1582
563 -87.1585
564 -87.1588
565 -87.1591
566 -87.1593
567 -87.1596
568 -87.1599
569 -87.1602
570 -87.1605
571 -87.1607
572 -87.161
573 -87.1613
574 -87.1616
575 -87.1618
576 -87.1621
577 -87.1624
578 -87.1627
579 -87.163
580 -87.1632
581 -87.1635
582 -87.1638
583 -87.164
584 -87.1643
585 -87.1646
586 -87.1649
587 -87.1651
588 -87.1654
589 -87.1657
590 -87.1659
591 -87.1662
592 -87.1665
593 -87.1668
594 -87.167
595 -87.1673
596 -87.1676
597 -87.1678
598 -87.1681
599 -87.1684
600 14.7077
601 14.6937
602 14.6678
603 14.6304
604 14.5822
605 14.5245
606 14.4594
607 14.3891
608 14.3158
609 14.2417
610 14.1683
611 14.0971
612 14.0292
613 13.9652
614 13.9056
615 13.8507
616 13.8006
617 13.7553
618 13.7145
619 13.6782
620 13.646
621 13.6176
622 13.5928
623 13.5713
624 13.5528
625 13.5369
626 13.5234
627 13.512
628 13.5025
629 13.4947
630 13.4883
631 13.4832
632 13.4791
633 13.4759
634 13.4735
635 13.4717
636 13.4705
637 13.4697
638 13.4692
639 13.469
640 13.469
641 13.4692
642 13.4695
643 13.4698
644 13.4702
645 13.4705
646 13.4709
647 13.4711
648 13.4713
649 13.4714
650 13.4714
651 13.4712
652 13.4709
653 13.4705
654 13.4699
655 13.4692
656 13.4683
657 13.4672
658 13.466
659 13.4645
660 13.4629
661 13.4611
662 13.4592
663 13.457
664 13.4547
665 13.4521
666 13.4494
667 13.4465
668 13.4434
669 13.4401
670 13.4367
671 13.433
672 13.4292
673 13.4252
674 13.421
675 13.4166
676 13.4121
677 13.4074
678 13.4025
679 13.3974
680 13.3921
681 13.3867
682 13.3811
683 13.3753
684 13.3693
685 13.3632
686 13.3569
687 13.3504
688 13.3438
689 13.337
690 13.3301
691 13.323
692 13.3157
693 13.3083
694 13.3008
695 13.2931
696 13.2853
697 13.2773
698 13.2693
699 13.2611
700 13.2528
701 13.2443
702 13.2358
703 13.2272
704 13.2185
705 13.2096
706 13.2007
707 13.1918
708 13.1827
709 13.1736
710 13.1644
711 13.1551
712 13.1457
713 13.1363
714 13.1268
715 13.1172
716 13.1076
717 13.0979
718 13.0882
719 13.0784
720 13.0686
721 13.0587
722 13.0489
723 13.039
724 13.0291
725 13.0192
726 13.0093
727 12.9995
728 12.9896
729 12.9798
730 12.9701
731 12.9603
732 12.9507
733 12.9411
734 12.9316
735 12.9222
736 12.9128
737 12.9036
738 12.8944
739 12.8854
740 12.8765
741 12.8677
742 12.859
743 12.8504
744 12.8419
745 12.8336
746 12.8254
747 12.8174
748 12.8095
749 12.8018
750 12.7942
751 12.7869
752 12.7797
753 12.7728
754 12.766
755 12.7595
756 12.7533
757 12.7473
758 12.7416
759 12.7361
760 12.7309
761 12.726
762 12.7215
763 12.7172
764 12.7133
765 12.7097
766 12.7065
767 12.7037
768 12.7012
769 12.699
770 12.6973
771 12.6959
772 12.6949
773 12.6943
774 12.6941
775 12.6943
776 12.6949
777 12.696
778 12.6976
779 12.6996
780 12.702
781 12.705
782 12.7085
783 12.7125
784 12.717
785 12.7221
786 12.7278
787 12.734
788 12.7408
789 12.7482
790 12.7563
791 12.7649
792 12.7743
793 12.7843
794 12.795
795 12.8064
796 12.8185
797 12.8313
798 12.8449
799 12.8593
800 12.8744
801 12.8903
802 12.907
803 12.9245
804 12.9429
805 12.962
806 12.982
807 13.0029
808 13.0246
809 13.0473
810 13.0709
811 13.0954
812 13.1209
813 13.1473
814 13.1748
815 13.2033
816 13.2329
817 13.2636
818 13.2953
819 13.3282
820 13.3623
821 13.3975
822 13.4339
823 13.4716
824 13.5105
825 13.5507
826 13.5923
827 13.6351
828 13.6794
829 13.725
830 13.772
831 13.8205
832 13.8704
833 13.9218
834 13.9748
835 14.0293
836 14.0853
837 14.1429
838 14.2021
839 14.2629
840 14.3253
841 14.3893
842 14.4549
843 14.5221
844 14.5909
845 14.6611
846 14.7329
847 14.8061
848 14.8807
849 14.9567
850 15.0339
851 15.1122
852 15.1916
853 15.2719
854 15.353
855 15.4346
856 15.5165
857 15.5984
858 15.6802
859 15.7613
860 15.8415
861 15.9203
862 15.9972
863 16.0717
864 16.1432
865 16.2109
866 16.2741
867 16.3319
868 16.3835
869 16.4278
870 16.4636
871 16.4898
872 16.505
873 16.5077
874 16.4966
875 16.4699
876 16.4259
877 16.3629
878 16.2789
879 16.1722
880 16.0409
881 15.8833
882 15.6975
883 15.4823
884 15.2365
885 14.9593
886 14.6506
887 14.311
888 13.9419
889 13.5459
890 13.1266
891 12.6886
892 12.2392
893 11.784
894 11.3387
895 10.9009
896 10.5119
897 10.0939
898 9.75745
899 8.83805
900 7.3235
901 0.213087
902 -11.0955
903 -32.7902
904 -51.3911
905 -65.057
906 -74.0065
907 -79.3819
908 -82.5885
909 -84.4892
910 -85.6149
911 -86.2799
912 -86.6724
913 -86.9037
914 -87.0401
915 -87.1206
916 -87.168
917 -87.196
918 -87.2125
919 -87.2223
920 -87.2282
921 -87.2317
922 -87.2338
923 -87.2351
924 -87.236
925 -87.2365
926 -87.2369
927 -87.2372
928 -87.2375
929 -87.2377
930 -87.2379
931 -87.2381
932 -87.2382
933 -87.2384
934 -87.2386
935 -87.2387
936 -87.2389
937 -87.2391
938 -87.2392
939 -87.2394
940 -87.2395
941 -87.2397
942 -87.2399
943 -87.24
944 -87.2402
945 -87.2403
946 -87.2405
947 -87.2407
948 -87.2408
949 -87.241
950 -87.2411
951 -87.2413
952 -87.2415
953 -87.2416
954 -87.2418
955 -87.2419
956 -87.2421
957 -87.2422
958 -87.2424
959 -87.2426
960 -87.2427
961 -87.2429
962 -87.243
963 -87.2432
964 -87.2433
965 -87.2435
966 -87.2436
967 -87.2438
968 -87.2439
969 -87.2441
970 -87.2443
971 -87.2444
972 -87.2446
973 -87.2447
974 -87.2449
975 -87.245
976 -87.2452
977 -87.2453
978 -87.2455
979 -87.2456
980 -87.2458
981 -87.2459
982 -87.2461
983 -87.2462
984 -87.2464
985 -87.2465
986 -87.2467
987 -87.2468
988 -87.247
989 -87.2471
990 -87.2473
991 -87.2474
992 -87.2476
993 -87.2477
994 -87.2479
995 -87.248
996 -87.2482
997 -87.2483
998 -87.2485
999 -87.2486
1000 -87.2488
1001 -87.2489
1002 -87.2491
1003 -87.2492
1004 -87.2494
1005 -87.2495
1006 -87.2496
1007 -87.2498
1008 -87.2499
1009 -87.2501
1010 -87.2502
1011 -87.2504
1012 -87.2505
1013 -87.2507
1014 -87.2508
1015 -87.251
1016 -87.2511
1017 -87.2512
1018 -87.2514
1019 -87.2515
1020 -87.2517
1021 -87.2518
1022 -87.252
1023 -87.2521
1024 -87.2522
1025 -87.2524
1026 -87.2525
1027 -87.2527
1028 -87.2528
1029 -87.2529
1030 -87.2531
1031 -87.2532
1032 -87.2534
1033 -87.2535
1034 -87.2536
1035 -87.2538
1036 -87.2539
1037 -87.2541
1038 -87.2542
1039 -87.2543
1040 -87.2545
1041 -87.2546
1042 -87.2548
1043 -87.2549
1044 -87.255
1045 -87.2552
1046 -87.2553
1047 -87.2555
1048 -87.2556
1049 -87.2557
1050 -87.2559
1051 -87.256
1052 -87.2561
1053 -87.2563
1054 -87.2564
1055 -87.2565
1056 -87.2567
1057 -87.2568
1058 -87.257
1059 -87.2571
1060 -87.2572
1061 -87.2574
1062 -87.2575
1063 -87.2576
1064 -87.2578
1065 -87.2579
1066 -87.258
1067 -87.2582
1068 -87.2583
1069 -87.2584
1070 -87.2586
1071 -87.2587
1072 -87.2588
1073 -87.259
1074 -87.2591
1075 -87.2592
1076 -87.2594
1077 -87.2595
1078 -87.2596
1079 -87.2598
1080 -87.2599
1081 -87.26
1082 -87.2601
1083 -87.2603
1084 -87.2604
1085 -87.2605
1086 -87.2607
1087 -87.2608
1088 -87.2609
1089 -87.2611
1090 -87.2612
1091 -87.2613
1092 -87.2614
1093 -87.2616
1094 -87.2617
1095 -87.2618
1096 -87.262
1097 -87.2621
1098 -87.2622
1099 -87.2623
1100 -87.2625
1101 -87.2626
1102 -87.2627
1103 -87.2629
1104 -87.263
1105 -87.2631
1106 -87.2632
1107 -87.2634
1108 -87.2635
1109 -87.2636
1110 -87.2637
1111 -87.2639
1112 -87.264
1113 -87.2641
1114 -87.2642
1115 -87.2644
1116 -87.2645
1117 -87.2646
1118 -87.2647
1119 -87.2649
1120 -87.265
1121 -87.2651
1122 -87.2652
1123 -87.2654
1124 -87.2655
1125 -87.2656
1126 -87.2657
1127 -87.2658
1128 -87.266
1129 -87.2661
1130 -87.2662
1131 -87.2663
1132 -87.2665
1133 -87.2666
1134 -87.2667
1135 -87.2668
1136 -87.2669
1137 -87.2671
1138 -87.2672
1139 -87.2673
1140 -87.2674
1141 -87.2675
1142 -87.2677
1143 -87.2678
1144 -87.2679
1145 -87.268
1146 -87.2681
1147 -87.2683
1148 -87.2684
1149 -87.2685
1150 -87.2686
1151 -87.2687
1152 -87.2689
1153 -87.269
1154 -87.2691
1155 -87.2692
1156 -87.2693
1157 -87.2694
1158 -87.2696
1159 -87.2697
1160 -87.2698
1161 -87.2699
1162 -87.27
1163 -87.2701
1164 -87.2703
1165 -87.2704
1166 -87.2705
1167 -87.2706
1168 -87.2707
1169 -87.2708
1170 -87.271
1171 -87.2711
1172 -87.2712
1173 -87.2713
1174 -87.2714
1175 -87.2715
1176 -87.2716
1177 -87.2718
1178 -87.2719
1179 -87.272
1180 -87.2721
1181 -87.2722
1182 -87.2723
1183 -87.2724
1184 -87.2726
1185 -87.2727
1186 -87.2728
1187 -87.2729
1188 -87.273
1189 -87.2731
1190 -87.2732
1191 -87.2733
1192 -87.2735
1193 -87.2736
1194 -87.2737
1195 -87.2738
1196 -87.2739
1197 -87.274
1198 -87.2741
1199 -87.2742
1200 -0.429312
1201 -0.473339
1202 -0.519736
1203 -0.568254
1204 -0.618483
1205 -0.669815
1206 -0.721413
1207 -0.772276
1208 -0.821384
1209 -0.867808
1210 -0.910764
1211 -0.949625
1212 -0.983921
1213 -1.01332
1214 -1.03761
1215 -1.05667
1216 -1.07047
1217 -1.07906
1218 -1.08251
1219 -1.08097
1220 -1.07459
1221 -1.06356
1222 -1.04809
1223 -1.02838
1224 -1.00468
1225 -0.977197
1226 -0.946164
1227 -0.911806
1228 -0.874341
1229 -0.833985
1230 -0.790945
1231 -0.745419
1232 -0.697597
1233 -0.64766
1234 -0.595778
1235 -0.542113
1236 -0.486817
1237 -0.430031
1238 -0.371888
1239 -0.31251
1240 -0.252011
1241 -0.1905
1242 -0.128074
1243 -0.064824
1244 -0.000837231
1245 0.0638072
1246 0.129038
1247 0.194787
1248 0.260994
1249 0.3276
1250 0.394554
1251 0.461808
1252 0.529317
1253 0.59704
1254 0.664941
1255 0.732987
1256 0.801145
1257 0.869387
1258 0.937686
1259 1.00602
1260 1.07436
1261 1.1427
1262 1.21102
1263 1.27929
1264 1.3475
1265 1.41564
1266 1.4837
1267 1.55166
1268 1.61951
1269 1.68725
1270 1.75487
1271 1.82236
1272 1.88971
1273 1.95691
1274 2.02396
1275 2.09086
1276 2.15759
1277 2.22416
1278 2.29055
1279 2.35676
1280 2.42279
1281 2.48864
1282 2.5543
1283 2.61976
1284 2.68503
1285 2.75011
1286 2.81498
1287 2.87965
1288 2.94411
1289 3.00838
1290 3.07243
1291 3.13628
1292 3.19991
1293 3.26334
1294 3.32655
1295 3.38956
1296 3.45235
1297 3.51493
1298 3.57729
1299 3.63944
1300 3.70138
1301 3.76311
1302 3.82461
1303 3.88591
1304 3.94699
1305 4.00785
1306 4.0685
1307 4.12893
1308 4.18914
1309 4.24913
1310 4.30889
1311 4.36844
1312 4.42776
1313 4.48685
1314 4.5457
1315 4.60433
1316 4.66273
1317 4.72089
1318 4.77882
1319 4.83652
1320 4.89399
1321 4.95122
1322 5.00823
1323 5.065
1324 5.12154
1325 5.17785
1326 5.23393
1327 5.28979
1328 5.34541
1329 5.40081
1330 5.45598
1331 5.51092
1332 5.56564
1333 5.62013
1334 5.67439
1335 5.72843
1336 5.78223
1337 5.83581
1338 5.88916
1339 5.94228
1340 5.99516
1341 6.0478
1342 6.10021
1343 6.15237
1344 6.20429
1345 6.25597
1346 6.30741
1347 6.35861
1348 6.40956
1349 6.46026
1350 6.51073
1351 6.56095
1352 6.61092
1353 6.66066
1354 6.71015
1355 6.7594
1356 6.80841
1357 6.85718
1358 6.9057
1359 6.95399
1360 7.00203
1361 7.04984
1362 7.0974
1363 7.14472
1364 7.1918
1365 7.23864
1366 7.28524
1367 7.33159
1368 7.3777
1369 7.42355
1370 7.46916
1371 7.51451
1372 7.55961
1373 7.60446
1374 7.64904
1375 7.69337
1376 7.73745
1377 7.78127
1378 7.82483
1379 7.86814
1380 7.91119
1381 7.95399
1382 7.99653
1383 8.03883
1384 8.08087
1385 8.12265
1386 8.16419
1387 8.20548
1388 8.24652
1389 8.28731
1390 8.32785
1391 8.36814
1392 8.40819
1393 8.44799
1394 8.48754
1395 8.52685
1396 8.56591
1397 8.60473
1398 8.64329
1399 8.68161
1400 8.71968
1401 8.75749
1402 8.79505
1403 8.83236
1404 8.8694
1405 8.90618
1406 8.9427
1407 8.97896
1408 9.01495
1409 9.05067
1410 9.08613
1411 9.12133
1412 9.15627
1413 9.19094
1414 9.22535
1415 9.25949
1416 9.29338
1417 9.327
1418 9.36037
1419 9.39347
1420 9.42632
1421 9.4589
1422 9.49123
1423 9.5233
1424 9.55512
1425 9.58668
1426 9.61799
1427 9.64904
1428 9.67983
1429 9.71038
1430 9.74067
1431 9.77071
1432 9.8005
1433 9.83004
1434 9.85933
1435 9.88836
1436 9.91715
1437 9.94568
1438 9.97397
1439 10.002
1440 10.0298
1441 10.0573
1442 10.0846
1443 10.1116
1444 10.1383
1445 10.1648
1446 10.191
1447 10.2169
1448 10.2426
1449 10.268
1450 10.2932
1451 10.318
1452 10.3426
1453 10.3669
1454 10.391
1455 10.4148
1456 10.4383
1457 10.4616
1458 10.4845
1459 10.5073
1460 10.5297
1461 10.5519
1462 10.5739
1463 10.5955
1464 10.617
1465 10.6381
1466 10.659
1467 10.6796
1468 10.7
1469 10.7201
1470 10.74
1471 10.7596
1472 10.779
1473 10.7981
1474 10.8169
1475 10.8355
1476 10.8539
1477 10.872
1478 10.8898
1479 10.9074
1480 10.9247
1481 10.9418
1482 10.9587
1483 10.9753
1484 10.9917
1485 11.0078
1486 11.0236
1487 11.0393
1488 11.0547
1489 11.0698
1490 11.0847
1491 11.0994
1492 11.1138
1493 11.128
1494 11.1419
1495 11.1556
1496 11.169
1497 11.1822
1498 11.1951
1499 11.2078
1500 11.2202
1501 11.2324
1502 11.2443
1503 11.2559
1504 11.2673
1505 11.2784
1506 11.2893
1507 11.2999
1508 11.3103
1509 11.3205
1510 11.3304
1511 11.34
1512 11.3494
1513 11.3586
1514 11.3675
1515 11.3762
1516 11.3847
1517 11.3929
1518 11.4009
1519 11.4086
1520 11.4162
1521 11.4235
1522 11.4305
1523 11.4374
1524 11.444
1525 11.4504
1526 11.4566
1527 11.4626
1528 11.4683
1529 11.4739
1530 11.4792
1531 11.4843
1532 11.4892
1533 11.4939
1534 11.4984
1535 11.5026
1536 11.5067
1537 11.5106
1538 11.5143
1539 11.5177
1540 11.521
1541 11.5241
1542 11.527
1543 11.5297
1544 11.5322
1545 11.5345
1546 11.5366
1547 11.5386
1548 11.5404
1549 11.542
1550 11.5434
1551 11.5447
1552 11.5457
1553 11.5467
1554 11.5474
1555 11.548
1556 11.5485
1557 11.5488
1558 11.5489
1559 11.5489
1560 11.5488
1561 11.5485
1562 11.5481
1563 11.5475
1564 11.5468
1565 11.546
1566 11.545
1567 11.5439
1568 11.5427
1569 11.5413
1570 11.5398
1571 11.5382
1572 11.5364
1573 11.5345
1574 11.5325
1575 11.5304
1576 11.5282
1577 11.5258
1578 11.5233
1579 11.5208
1580 11.5181
1581 11.5153
1582 11.5124
1583 11.5095
1584 11.5064
1585 11.5033
1586 11.5001
1587 11.4969
1588 11.4935
1589 11.4901
1590 11.4867
1591 11.4832
1592 11.4797
1593 11.4761
1594 11.4725
1595 11.4689
1596 11.4652
1597 11.4615
1598 11.4578
1599 11.4541
1600 11.4504
1601 11.4467
1602 11.4431
1603 11.4394
1604 11.4357
1605 11.4321
1606 11.4285
1607 11.425
1608 11.4214
1609 11.418
1610 11.4146
1611 11.4112
1612 11.4079
1613 11.4047
1614 11.4016
1615 11.3985
1616 11.3955
1617 11.3927
1618 11.3899
1619 11.3873
1620 11.3847
1621 11.3823
1622 11.38
1623 11.3779
1624 11.3759
1625 11.374
1626 11.3723
1627 11.3708
1628 11.3694
1629 11.3682
1630 11.3672
1631 11.3664
1632 11.3658
1633 11.3654
1634 11.3652
1635 11.3652
1636 11.3655
1637 11.366
1638 11.3667
1639 11.3677
1640 11.369
1641 11.3705
1642 11.3723
1643 11.3743
1644 11.3767
1645 11.3794
1646 11.3823
1647 11.3856
1648 11.3892
1649 11.3932
1650 11.3974
1651 11.4021
1652 11.407
1653 11.4124
1654 11.4181
1655 11.4241
1656 11.4306
1657 11.4375
1658 11.4447
1659 11.4524
1660 11.4605
1661 11.469
1662 11.478
1663 11.4874
1664 11.4972
1665 11.5075
1666 11.5183
1667 11.5295
1668 11.5412
1669 11.5535
1670 11.5662
1671 11.5794
1672 11.5931
1673 11.6074
1674 11.6222
1675 11.6375
1676 11.6534
1677 11.6698
1678 11.6868
1679 11.7043
1680 11.7225
1681 11.7412
1682 11.7605
1683 11.7804
1684 11.8009
1685 11.822
1686 11.8437
1687 11.8661
1688 11.8891
1689 11.9128
1690 11.9371
1691 11.962
1692 11.9877
1693 12.014
1694 12.041
1695 12.0687
1696 12.097
1697 12.1261
1698 12.1559
1699 12.1865
1700 12.2177
1701 12.2497
1702 12.2825
1703 12.316
1704 12.3502
1705 12.3853
1706 12.4211
1707 12.4578
1708 12.4952
1709 12.5335
1710 12.5726
1711 12.6125
1712 12.6533
1713 12.6949
1714 12.7374
1715 12.7808
1716 12.8251
1717 12.8704
1718 12.9165
1719 12.9636
1720 13.0117
1721 13.0607
1722 13.1107
1723 13.1618
1724 13.2139
1725 13.267
1726 13.3211
1727 13.3764
1728 13.4328
1729 13.4902
1730 13.5489
1731 13.6086
1732 13.6696
1733 13.7317
1734 13.7951
1735 13.8596
1736 13.9255
1737 13.9925
1738 14.0609
1739 14.1305
1740 14.2014
1741 14.2735
1742 14.347
1743 14.4217
1744 14.4977
1745 14.5748
1746 14.6532
1747 14.7328
1748 14.8134
1749 14.8951
1750 14.9778
1751 15.0613
1752 15.1455
1753 15.2304
1754 15.3157
1755 15.4013
1756 15.4869
1757 15.5723
1758 15.6571
1759 15.7412
1760 15.824
1761 15.9051
1762 15.9841
1763 16.0604
1764 16.1334
1765 16.2025
1766 16.2667
1767 16.3254
1768 16.3775
1769 16.4221
1770 16.458
1771 16.484
1772 16.4988
1773 16.501
1774 16.4889
1775 16.4611
1776 16.4158
1777 16.3512
1778 16.2655
1779 16.1569
1780 16.0235
1781 15.8637
1782 15.6758
1783 15.4585
1784 15.2107
1785 14.9318
1786 14.6222
1787 14.283
1788 13.9173
1789 13.5316
1790 13.141
1791 12.7818
1792 12.5537
1793 12.7254
1794 13.789
1795 16.1307
1796 19.3806
1797 22.3545
1798 23.9477
1799 23.9191
1800 -43.1835
1801 -43.2831
1802 -43.3785
1803 -43.4696
1804 -43.5561
1805 -43.6378
1806 -43.7141
1807 -43.7847
1808 -43.849
1809 -43.9068
1810 -43.9578
1811 -44.0017
1812 -44.0384
1813 -44.0678
1814 -44.0898
1815 -44.1045
1816 -44.1119
1817 -44.112
1818 -44.105
1819 -44.0911
1820 -44.0702
1821 -44.0426
1822 -44.0084
1823 -43.9677
1824 -43.9209
1825 -43.8679
1826 -43.809
1827 -43.7444
1828 -43.6742
1829 -43.5986
1830 -43.5178
1831 -43.432
1832 -43.3414
1833 -43.2461
1834 -43.1462
1835 -43.0421
1836 -42.9338
1837 -42.8216
1838 -42.7055
1839 -42.5858
1840 -42.4625
1841 -42.3359
1842 -42.2062
1843 -42.0734
1844 -41.9377
1845 -41.7992
1846 -41.6581
1847 -41.5146
1848 -41.3687
1849 -41.2205
1850 -41.0703
1851 -40.9181
1852 -40.764
1853 -40.6082
1854 -40.4507
1855 -40.2916
1856 -40.1311
1857 -39.9692
1858 -39.8061
1859 -39.6418
1860 -39.4764
1861 -39.31
1862 -39.1427
1863 -38.9745
1864 -38.8055
1865 -38.6357
1866 -38.4654
1867 -38.2944
1868 -38.1228
1869 -37.9508
1870 -37.7784
1871 -37.6055
1872 -37.4323
1873 -37.2589
1874 -37.0851
1875 -36.9112
1876 -36.7371
1877 -36.5628
1878 -36.3885
1879 -36.2141
1880 -36.0396
1881 -35.8652
1882 -35.6908
1883 -35.5164
1884 -35.3421
1885 -35.1679
1886 -34.9938
1887 -34.8199
1888 -34.6461
1889 -34.4725
1890 -34.2991
1891 -34.126
1892 -33.953
1893 -33.7803
1894 -33.6079
1895 -33.4358
1896 -33.2639
1897 -33.0924
1898 -32.9212
1899 -32.7503
1900 -32.5797
1901 -32.4095
1902 -32.2397
1903 -32.0702
1904 -31.9011
1905 -31.7324
1906 -31.5641
1907 -31.3962
1908 -31.2286
1909 -31.0615
1910 -30.8948
1911 -30.7286
1912 -30.5628
1913 -30.3974
1914 -30.2324
1915 -30.0679
1916 -29.9039
1917 -29.7403
1918 -29.5771
1919 -29.4144
1920 -29.2522
1921 -29.0905
1922 -28.9292
1923 -28.7684
1924 -28.608
1925 -28.4481
1926 -28.2887
1927 -28.1297
1928 -27.9713
1929 -27.8133
1930 -27.6557
1931 -27.4987
1932 -27.3421
1933 -27.1859
1934 -27.0302
1935 -26.875
1936 -26.7203
1937 -26.566
1938 -26.4122
1939 -26.2588
1940 -26.1059
1941 -25.9535
1942 -25.8015
1943 -25.65
1944 -25.4989
1945 -25.3482
1946 -25.198
1947 -25.0483
1948 -24.899
1949 -24.7501
1950 -24.6017
1951 -24.4536
1952 -24.3061
1953 -24.1589
1954 -24.0122
1955 -23.8658
1956 -23.7199
1957 -23.5744
1958 -23.4293
1959 -23.2846
1960 -23.1403
1961 -22.9964
1962 -22.8529
1963 -22.7098
1964 -22.5671
1965 -22.4248
1966 -22.2828
1967 -22.1413
1968 -22.0001
1969 -21.8593
1970 -21.7189
1971 -21.5788
1972 -21.4391
1973 -21.2998
1974 -21.1609
1975 -21.0224
1976 -20.8842
1977 -20.7463
1978 -20.6089
1979 -20.4718
1980 -20.3351
1981 -20.1987
1982 -20.0627
1983 -19.9271
1984 -19.7918
1985 -19.6569
1986 -19.5223
1987 -19.3881
1988 -19.2542
1989 -19.1207
1990 -18.9876
1991 -18.8548
1992 -18.7223
1993 -18.5902
1994 -18.4585
1995 -18.3271
1996 -18.196
1997 -18.0653
1998 -17.935
1999 -17.805
2000 -17.6754
2001 -17.5461
2002 -17.4172
2003 -17.2886
2004 -17.1604
2005 -17.0326
2006 -16.9051
2007 -16.7779
2008 -16.6512
2009 -16.5248
2010 -16.3988
2011 -16.2731
2012 -16.1478
2013 -16.0228
2014 -15.8983
2015 -15.774
2016 -15.6502
2017 -15.5267
2018 -15.4036
2019 -15.2808
2020 -15.1584
2021 -15.0364
2022 -14.9147
2023 -14.7935
2024 -14.6725
2025 -14.552
2026 -14.4318
2027 -14.3119
2028 -14.1925
2029 -14.0734
2030 -13.9546
2031 -13.8362
2032 -13.7182
2033 -13.6006
2034 -13.4833
2035 -13.3664
2036 -13.2499
2037 -13.1337
2038 -13.0179
2039 -12.9025
2040 -12.7874
2041 -12.6727
2042 -12.5584
2043 -12.4445
2044 -12.3309
2045 -12.2177
2046 -12.1049
2047 -11.9925
2048 -11.8804
2049 -11.7687
2050 -11.6574
2051 -11.5465
2052 -11.436
2053 -11.3258
2054 -11.216
2055 -11.1066
2056 -10.9976
2057 -10.8889
2058 -10.7807
2059 -10.6728
2060 -10.5652
2061 -10.4581
2062 -10.3513
2063 -10.2449
2064 -10.1389
2065 -10.0332
2066 -9.9279
2067 -9.82298
2068 -9.71842
2069 -9.61422
2070 -9.5104
2071 -9.40693
2072 -9.30383
2073 -9.2011
2074 -9.09872
2075 -8.99671
2076 -8.89505
2077 -8.79375
2078 -8.69281
2079 -8.59223
2080 -8.492
2081 -8.39213
2082 -8.2926
2083 -8.19344
2084 -8.09462
2085 -7.99615
2086 -7.89804
2087 -7.80027
2088 -7.70285
2089 -7.60578
2090 -7.50906
2091 -7.41268
2092 -7.31666
2093 -7.22098
2094 -7.12565
2095 -7.03067
2096 -6.93603
2097 -6.84175
2098 -6.74782
2099 -6.65424
2100 -6.56101
2101 -6.46812
2102 -6.37559
2103 -6.2834
2104 -6.19156
2105 -6.10007
2106 -6.00892
2107 -5.91811
2108 -5.82765
2109 -5.73752
2110 -5.64773
2111 -5.55829
2112 -5.46917
2113 -5.38039
2114 -5.29195
2115 -5.20383
2116 -5.11605
2117 -5.02859
2118 -4.94146
2119 -4.85465
2120 -4.76817
2121 -4.68201
2122 -4.59617
2123 -4.51066
2124 -4.42546
2125 -4.34057
2126 -4.256
2127 -4.17175
2128 -4.08781
2129 -4.00418
2130 -3.92086
2131 -3.83784
2132 -3.75514
2133 -3.67274
2134 -3.59065
2135 -3.50886
2136 -3.42737
2137 -3.34618
2138 -3.26529
2139 -3.18471
2140 -3.10442
2141 -3.02442
2142 -2.94472
2143 -2.86531
2144 -2.7862
2145 -2.70738
2146 -2.62884
2147 -2.5506
2148 -2.47264
2149 -2.39497
2150 -2.31759
2151 -2.24049
2152 -2.16367
2153 -2.08714
2154 -2.01088
2155 -1.93491
2156 -1.85922
2157 -1.7838
2158 -1.70866
2159 -1.6338
2160 -1.55921
2161 -1.4849
2162 -1.41086
2163 -1.3371
2164 -1.26361
2165 -1.1904
2166 -1.11746
2167 -1.0448
2168 -0.972413
2169 -0.900306
2170 -0.828477
2171 -0.756928
2172 -0.685659
2173 -0.614668
2174 -0.543956
2175 -0.473521
2176 -0.403362
2177 -0.333481
2178 -0.263879
2179 -0.194555
2180 -0.125503
2181 -0.0567244
2182 0.011781
2183 0.0800185
2184 0.147977
2185 0.215666
2186 0.283086
2187 0.350238
2188 0.417122
2189 0.48374
2190 0.550093
2191 0.616182
2192 0.682006
2193 0.747569
2194 0.812869
2195 0.877909
2196 0.942689
2197 1.00721
2198 1.07147
2199 1.13548
2200 1.19922
2201 1.26271
2202 1.32595
2203 1.38893
2204 1.45165
2205 1.51413
2206 1.57634
2207 1.63831
2208 1.70002
2209 1.76148
2210 1.82269
2211 1.88365
2212 1.94436
2213 2.00481
2214 2.06502
2215 2.12498
2216 2.18468
2217 2.24414
2218 2.30335
2219 2.36231
2220 2.42102
2221 2.47948
2222 2.53769
2223 2.59566
2224 2.65338
2225 2.71085
2226 2.76807
2227 2.82504
2228 2.88177
2229 2.93825
2230 2.99448
2231 3.05047
2232 3.10621
2233 3.1617
2234 3.21694
2235 3.27193
2236 3.32668
2237 3.38118
2238 3.43544
2239 3.48944
2240 3.5432
2241 3.59671
2242 3.64998
2243 3.70299
2244 3.75576
2245 3.80828
2246 3.86055
2247 3.91258
2248 3.96435
2249 4.01588
2250 4.06715
2251 4.11818
2252 4.16896
2253 4.21949
2254 4.26977
2255 4.3198
2256 4.36958
2257 4.41911
2258 4.46839
2259 4.51742
2260 4.56619
2261 4.61472
2262 4.66299
2263 4.71101
2264 4.75878
2265 4.80629
2266 4.85355
2267 4.90056
2268 4.94731
2269 4.99381
2270 5.04005
2271 5.08604
2272 5.13177
2273 5.17724
2274 5.22246
2275 5.26742
2276 5.31212
2277 5.35657
2278 5.40075
2279 5.44468
2280 5.48834
2281 5.53175
2282 5.57489
2283 5.61778
2284 5.6604
2285 5.70276
2286 5.74486
2287 5.7867
2288 5.82829
2289 5.86961
2290 5.91067
2291 5.95147
2292 5.99202
2293 6.0323
2294 6.07233
2295 6.1121
2296 6.15162
2297 6.19087
2298 6.22987
2299 6.26861
2300 6.3071
2301 6.34533
2302 6.3833
2303 6.42102
2304 6.45849
2305 6.4957
2306 6.53265
2307 6.56935
2308 6.6058
2309 6.642
2310 6.67794
2311 6.71362
2312 6.74906
2313 6.78424
2314 6.81917
2315 6.85385
2316 6.88828
2317 6.92246
2318 6.95638
2319 6.99006
2320 7.02348
2321 7.05666
2322 7.08959
2323 7.12227
2324 7.1547
2325 7.18688
2326 7.21882
2327 7.25051
2328 7.28195
2329 7.31315
2330 7.34411
2331 7.37482
2332 7.40529
2333 7.43552
2334 7.46551
2335 7.49526
2336 7.52478
2337 7.55407
2338 7.58312
2339 7.61194
2340 7.64054
2341 7.66892
2342 7.69708
2343 7.72503
2344 7.75277
2345 7.7803
2346 7.80764
2347 7.8348
2348 7.86177
2349 7.88858
2350 7.91523
2351 7.94174
2352 7.96811
2353 7.99437
2354 8.02054
2355 8.04663
2356 8.07266
2357 8.09867
2358 8.12469
2359 8.15073
2360 8.17685
2361 8.20307
2362 8.22945
2363 8.25603
2364 8.28286
2365 8.31
2366 8.33752
2367 8.36549
2368 8.39397
2369 8.42305
2370 8.45281
2371 8.48335
2372 8.51476
2373 8.54715
2374 8.58061
2375 8.61524
2376 8.65117
2377 8.68847
2378 8.72725
2379 8.76759
2380 8.80954
2381 8.85316
2382 8.89845
2383 8.94538
2384 8.99385
2385 9.04372
2386 9.09475
2387 9.14661
2388 9.19884
2389 9.25087
2390 9.30193
2391 9.35111
2392 9.39731
2393 9.43926
2394 9.47559
2395 9.50488
2396 9.52586
2397 9.53765
2398 9.53984
2399 9.53238
2400 -85.5531
2401 -85.5576
2402 -85.5626
2403 -85.5682
2404 -85.5741
2405 -85.5803
2406 -85.5865
2407 -85.5926
2408 -85.5984
2409 -85.6037
2410 -85.6085
2411 -85.6127
2412 -85.6163
2413 -85.6192
2414 -85.6214
2415 -85.6229
2416 -85.6239
2417 -85.6242
2418 -85.624
2419 -85.6233
2420 -85.6221
2421 -85.6204
2422 -85.6183
2423 -85.6159
2424 -85.613
2425 -85.6099
2426 -85.6064
2427 -85.6026
2428 -85.5986
2429 -85.5943
2430 -85.5897
2431 -85.5849
2432 -85.5799
2433 -85.5747
2434 -85.5693
2435 -85.5636
2436 -85.5578
2437 -85.5518
2438 -85.5456
2439 -85.5393
2440 -85.5327
2441 -85.526
2442 -85.5191
2443 -85.5121
2444 -85.5049
2445 -85.4975
2446 -85.49
2447 -85.4823
2448 -85.4745
2449 -85.4665
2450 -85.4583
2451 -85.45
2452 -85.4415
2453 -85.4329
2454 -85.4241
2455 -85.4151
2456 -85.406
2457 -85.3967
2458 -85.3872
2459 -85.3776
2460 -85.3678
2461 -85.3579
2462 -85.3477
2463 -85.3374
2464 -85.3269
2465 -85.3163
2466 -85.3054
2467 -85.2944
2468 -85.2831
2469 -85.2717
2470 -85.2601
2471 -85.2483
2472 -85.2363
2473 -85.224
2474 -85.2116
2475 -85.1989
2476 -85.186
2477 -85.1729
2478 -85.1596
2479 -85.146
2480 -85.1322
2481 -85.1181
2482 -85.1038
2483 -85.0892
2484 -85.0744
2485 -85.0593
2486 -85.0439
2487 -85.0282
2488 -85.0122
2489 -84.996
2490 -84.9794
2491 -84.9625
2492 -84.9453
2493 -84.9278
2494 -84.9099
2495 -84.8917
2496 -84.8731
2497 -84.8542
2498 -84.8349
2499 -84.8152
2500 -84.7951
2501 -84.7746
2502 -84.7537
2503 -84.7324
2504 -84.7106
2505 -84.6884
2506 -84.6657
2507 -84.6426
2508 -84.619
2509 -84.5948
2510 -84.5702
2511 -84.545
2512 -84.5193
2513 -84.4931
2514 -84.4663
2515 -84.4389
2516 -84.4109
2517 -84.3824
2518 -84.3532
2519 -84.3233
2520 -84.2928
2521 -84.2617
2522 -84.2298
2523 -84.1972
2524 -84.1639
2525 -84.1299
2526 -84.0951
2527 -84.0595
2528 -84.0231
2529 -83.9859
2530 -83.9478
2531 -83.9089
2532 -83.8691
2533 -83.8284
2534 -83.7867
2535 -83.7441
2536 -83.7006
2537 -83.656
2538 -83.6104
2539 -83.5638
2540 -83.5161
2541 -83.4672
2542 -83.4173
2543 -83.3662
2544 -83.314
2545 -83.2606
2546 -83.2059
2547 -83.15
2548 -83.0928
2549 -83.0342
2550 -82.9744
2551 -82.9132
2552 -82.8506
2553 -82.7865
2554 -82.721
2555 -82.654
2556 -82.5855
2557 -82.5155
2558 -82.4439
2559 -82.3706
2560 -82.2958
2561 -82.2192
2562 -82.141
2563 -82.061
2564 -81.9793
2565 -81.8957
2566 -81.8104
2567 -81.7232
2568 -81.6341
2569 -81.543
2570 -81.4501
2571 -81.3551
2572 -81.2582
2573 -81.1592
2574 -81.0581
2575 -80.9549
2576 -80.8497
2577 -80.7422
2578 -80.6326
2579 -80.5208
2580 -80.4067
2581 -80.2904
2582 -80.1719
2583 -80.051
2584 -79.9278
2585 -79.8022
2586 -79.6743
2587 -79.544
2588 -79.4113
2589 -79.2762
2590 -79.1387
2591 -78.9987
2592 -78.8563
2593 -78.7114
2594 -78.564
2595 -78.4142
2596 -78.2618
2597 -78.107
2598 -77.9497
2599 -77.7899
2600 -77.6277
2601 -77.4629
2602 -77.2957
2603 -77.1261
2604 -76.954
2605 -76.7794
2606 -76.6025
2607 -76.4232
2608 -76.2414
2609 -76.0574
2610 -75.871
2611 -75.6823
2612 -75.4913
2613 -75.2981
2614 -75.1027
2615 -74.9051
2616 -74.7053
2617 -74.5035
2618 -74.2996
2619 -74.0937
2620 -73.8858
2621 -73.676
2622 -73.4643
2623 -73.2508
2624 -73.0355
2625 -72.8185
2626 -72.5998
2627 -72.3795
2628 -72.1576
2629 -71.9341
2630 -71.7093
2631 -71.483
2632 -71.2554
2633 -71.0265
2634 -70.7964
2635 -70.5651
2636 -70.3327
2637 -70.0992
2638 -69.8648
2639 -69.6294
2640 -69.3931
2641 -69.156
2642 -68.9182
2643 -68.6797
2644 -68.4405
2645 -68.2007
2646 -67.9604
2647 -67.7196
2648 -67.4784
2649 -67.2368
2650 -66.9948
