0 -78.7956
1 -70.9713
2 -63.8281
3 -59.6053
4 -61.5363
5 -69.5979
6 -76.674
7 -81.0216
8 -83.5176
9 -84.9414
10 -85.7502
11 -86.2079
12 -86.4664
13 -86.6121
14 -86.6943
15 -86.7405
16 -86.7667
17 -86.7815
18 -86.79
19 -86.7949
20 -86.7978
21 -86.7996
22 -86.8008
23 -86.8017
24 -86.8023
25 -86.8028
26 -86.8033
27 -86.8038
28 -86.8042
29 -86.8046
30 -86.8051
31 -86.8055
32 -86.806
33 -86.8064
34 -86.8069
35 -86.8073
36 -86.8078
37 -86.8083
38 -86.8087
39 -86.8092
40 -86.8097
41 -86.8102
42 -86.8107
43 -86.8112
44 -86.8117
45 -86.8122
46 -86.8127
47 -86.8132
48 -86.8137
49 -86.8142
50 -86.8148
51 -86.8153
52 -86.8158
53 -86.8164
54 -86.8169
55 -86.8175
56 -86.818
57 -86.8186
58 -86.8191
59 -86.8197
60 -86.8202
61 -86.8208
62 -86.8213
63 -86.8219
64 -86.8225
65 -86.8231
66 -86.8236
67 -86.8242
68 -86.8248
69 -86.8254
70 -86.826
71 -86.8265
72 -86.8271
73 -86.8277
74 -86.8283
75 -86.8289
76 -86.8295
77 -86.8301
78 -86.8307
79 -86.8313
80 -86.8319
81 -86.8325
82 -86.8331
83 -86.8337
84 -86.8343
85 -86.8349
86 -86.8355
87 -86.8361
88 -86.8368
89 -86.8374
90 -86.838
91 -86.8386
92 -86.8392
93 -86.8398
94 -86.8405
95 -86.8411
96 -86.8417
97 -86.8423
98 -86.843
99 -86.8436
100 -86.8442
101 -86.8448
102 -86.8455
103 -86.8461
104 -86.8467
105 -86.8473
106 -86.848
107 -86.8486
108 -86.8492
109 -86.8498
110 -86.8505
111 -86.8511
112 -86.8517
113 -86.8524
114 -86.853
115 -86.8536
116 -86.8543
117 -86.8549
118 -86.8555
119 -86.8562
120 -86.8568
121 -86.8574
122 -86.8581
123 -86.8587
124 -86.8593
125 -86.86
126 -86.8606
127 -86.8612
128 -86.8619
129 -86.8625
130 -86.8631
131 -86.8638
132 -86.8644
133 -86.865
134 -86.8657
135 -86.8663
136 -86.8669
137 -86.8676
138 -86.8682
139 -86.8688
140 -86.8694
141 -86.8701
142 -86.8707
143 -86.8713
144 -86.872
145 -86.8726
146 -86.8732
147 -86.8739
148 -86.8745
149 -86.8751
150 -86.8758
151 -86.8764
152 -86.877
153 -86.8776
154 -86.8783
155 -86.8789
156 -86.8795
157 -86.8801
158 -86.8808
159 -86.8814
160 -86.882
161 -86.8826
162 -86.8833
163 -86.8839
164 -86.8845
165 -86.8851
166 -86.8858
167 -86.8864
168 -86.887
169 -86.8876
170 -86.8882
171 -86.8889
172 -86.8895
173 -86.8901
174 -86.8907
175 -86.8913
176 -86.8919
177 -86.8926
178 -86.8932
179 -86.8938
180 -86.8944
181 -86.895
182 -86.8956
183 -86.8962
184 -86.8969
185 -86.8975
186 -86.8981
187 -86.8987
188 -86.8993
189 -86.8999
190 -86.9005
191 -86.9011
192 -86.9017
193 -86.9023
194 -86.9029
195 -86.9035
196 -86.9041
197 -86.9047
198 -86.9053
199 -86.9059
200 -86.9065
201 -86.9071
202 -86.9077
203 -86.9083
204 -86.9089
205 -86.9095
206 -86.9101
207 -86.9107
208 -86.9113
209 -86.9119
210 -86.9125
211 -86.9131
212 -86.9137
213 -86.9143
214 -86.9149
215 -86.9155
216 -86.9161
217 -86.9167
218 -86.9172
219 -86.9178
220 -86.9184
221 -86.919
222 -86.9196
223 -86.9202
224 -86.9208
225 -86.9213
226 -86.9219
227 -86.9225
228 -86.9231
229 -86.9237
230 -86.9242
231 -86.9248
232 -86.9254
233 -86.926
234 -86.9265
235 -86.9271
236 -86.9277
237 -86.9283
238 -86.9288
239 -86.9294
240 -86.93
241 -86.9306
242 -86.9311
243 -86.9317
244 -86.9323
245 -86.9328
246 -86.9334
247 -86.934
248 -86.9345
249 -86.9351
250 -86.9357
251 -86.9362
252 -86.9368
253 -86.9373
254 -86.9379
255 -86.9385
256 -86.939
257 -86.9396
258 -86.9401
259 -86.9407
260 -86.9412
261 -86.9418
262 -86.9424
263 -86.9429
264 -86.9435
265 -86.944
266 -86.9446
267 -86.9451
268 -86.9457
269 -86.9462
270 -86.9468
271 -86.9473
272 -86.9479
273 -86.9484
274 -86.9489
275 -86.9495
276 -86.95
277 -86.9506
278 -86.9511
279 -86.9517
280 -86.9522
281 -86.9527
282 -86.9533
283 -86.9538
284 -86.9544
285 -86.9549
286 -86.9554
287 -86.956
288 -86.9565
289 -86.957
290 -86.9576
291 -86.9581
292 -86.9586
293 -86.9592
294 -86.9597
295 -86.9602
296 -86.9607
297 -86.9613
298 -86.9618
299 -86.9623
300 -86.9628
301 -86.9634
302 -86.9639
303 -86.9644
304 -86.9649
305 -86.9655
306 -86.966
307 -86.9665
308 -86.967
309 -86.9675
310 -86.9681
311 -86.9686
312 -86.9691
313 -86.9696
314 -86.9701
315 -86.9706
316 -86.9711
317 -86.9717
318 -86.9722
319 -86.9727
320 -86.9732
321 -86.9737
322 -86.9742
323 -86.9747
324 -86.9752
325 -86.9757
326 -86.9762
327 -86.9767
328 -86.9772
329 -86.9777
330 -86.9782
331 -86.9787
332 -86.9792
333 -86.9797
334 -86.9802
335 -86.9807
336 -86.9812
337 -86.9817
338 -86.9822
339 -86.9827
340 -86.9832
341 -86.9837
342 -86.9842
343 -86.9847
344 -86.9852
345 -86.9857
346 -86.9862
347 -86.9867
348 -86.9872
349 -86.9876
350 -86.9881
351 -86.9886
352 -86.9891
353 -86.9896
354 -86.9901
355 -86.9906
356 -86.991
357 -86.9915
358 -86.992
359 -86.9925
360 -86.993
361 -86.9935
362 -86.9939
363 -86.9944
364 -86.9949
365 -86.9954
366 -86.9958
367 -86.9963
368 -86.9968
369 -86.9973
370 -86.9977
371 -86.9982
372 -86.9987
373 -86.9992
374 -86.9996
375 -87.0001
376 -87.0006
377 -87.001
378 -87.0015
379 -87.002
380 -87.0024
381 -87.0029
382 -87.0034
383 -87.0038
384 -87.0043
385 -87.0048
386 -87.0052
387 -87.0057
388 -87.0062
389 -87.0066
390 -87.0071
391 -87.0075
392 -87.008
393 -87.0084
394 -87.0089
395 -87.0094
396 -87.0098
397 -87.0103
398 -87.0107
399 -87.0112
400 -87.0116
401 -87.0121
402 -87.0125
403 -87.013
404 -87.0134
405 -87.0139
406 -87.0143
407 -87.0148
408 -87.0152
409 -87.0157
410 -87.0161
411 -87.0166
412 -87.017
413 -87.0175
414 -87.0179
415 -87.0184
416 -87.0188
417 -87.0192
418 -87.0197
419 -87.0201
420 -87.0206
421 -87.021
422 -87.0214
423 -87.0219
424 -87.0223
425 -87.0228
426 -87.0232
427 -87.0236
428 -87.0241
429 -87.0245
430 -87.0249
431 -87.0254
432 -87.0258
433 -87.0262
434 -87.0267
435 -87.0271
436 -87.0275
437 -87.0279
438 -87.0284
439 -87.0288
440 -87.0292
441 -87.0297
442 -87.0301
443 -87.0305
444 -87.0309
445 -87.0314
446 -87.0318
447 -87.0322
448 -87.0326
449 -87.0331
450 -87.0335
451 -87.0339
452 -87.0343
453 -87.0347
454 -87.0352
455 -87.0356
456 -87.036
457 -87.0364
458 -87.0368
459 -87.0372
460 -87.0377
461 -87.0381
462 -87.0385
463 -87.0389
464 -87.0393
465 -87.0397
466 -87.0401
467 -87.0405
468 -87.041
469 -87.0414
470 -87.0418
471 -87.0422
472 -87.0426
473 -87.043
474 -87.0434
475 -87.0438
476 -87.0442
477 -87.0446
478 -87.045
479 -87.0454
480 -87.0458
481 -87.0462
482 -87.0466
483 -87.047
484 -87.0474
485 -87.0478
486 -87.0482
487 -87.0486
488 -87.049
489 -87.0494
490 -87.0498
491 -87.0502
492 -87.0506
493 -87.051
494 -87.0514
495 -87.0518
496 -87.0522
497 -87.0526
498 -87.053
499 -87.0534
500 -87.0538
501 -87.0542
502 -87.0546
503 -87.0549
504 -87.0553
505 -87.0557
506 -87.0561
507 -87.0565
508 -87.0569
509 -87.0573
510 -87.0577
511 -87.058
512 -87.0584
513 -87.0588
514 -87.0592
515 -87.0596
516 -87.06
517 -87.0604
518 -87.0607
519 -87.0611
520 -87.0615
521 -87.0619
522 -87.0623
523 -87.0626
524 -87.063
525 -87.0634
526 -87.0638
527 -87.0641
528 -87.0645
529 -87.0649
530 -87.0653
531 -87.0656
532 -87.066
533 -87.0664
534 -87.0668
535 -87.0671
536 -87.0675
537 -87.0679
538 -87.0683
539 -87.0686
540 -87.069
541 -87.0694
542 -87.0697
543 -87.0701
544 -87.0705
545 -87.0708
546 -87.0712
547 -87.0716
548 -87.0719
549 -87.0723
550 -87.0727
551 -87.073
552 -87.0734
553 -87.0738
554 -87.0741
555 -87.0745
556 -87.0748
557 -87.0752
558 -87.0756
559 -87.0759
560 -87.0763
561 -87.0766
562 -87.077
563 -87.0774
564 -87.0777
565 -87.0781
566 -87.0784
567 -87.0788
568 -87.0791
569 -87.0795
570 -87.0798
571 -87.0802
572 -87.0806
573 -87.0809
574 -87.0813
575 -87.0816
576 -87.082
577 -87.0823
578 -87.0827
579 -87.083
580 -87.0834
581 -87.0837
582 -87.0841
583 -87.0844
584 -87.0848
585 -87.0851
586 -87.0854
587 -87.0858
588 -87.0861
589 -87.0865
590 -87.0868
591 -87.0872
592 -87.0875
593 -87.0879
594 -87.0882
595 -87.0885
596 -87.0889
597 -87.0892
598 -87.0896
599 -87.0899
600 -87.0902
601 -87.0906
602 -87.0909
603 -87.0913
604 -87.0916
605 -87.0919
606 -87.0923
607 -87.0926
608 -87.0929
609 -87.0933
610 -87.0936
611 -87.0939
612 -87.0943
613 -87.0946
614 -87.0949
615 -87.0953
616 -87.0956
617 -87.0959
618 -87.0963
619 -87.0966
620 -87.0969
621 -87.0973
622 -87.0976
623 -87.0979
624 -87.0983
625 -87.0986
626 -87.0989
627 -87.0992
628 -87.0996
629 -87.0999
630 -87.1002
631 -87.1005
632 -87.1009
633 -87.1012
634 -87.1015
635 -87.1018
636 -87.1022
637 -87.1025
638 -87.1028
639 -87.1031
640 -87.1034
641 -87.1038
642 -87.1041
643 -87.1044
644 -87.1047
645 -87.105
646 -87.1054
647 -87.1057
648 -87.106
649 -87.1063
650 -87.1066
651 -87.1069
652 -87.1073
653 -87.1076
654 -87.1079
655 -87.1082
656 -87.1085
657 -87.1088
658 -87.1091
659 -87.1095
660 -87.1098
661 -87.1101
662 -87.1104
663 -87.1107
664 -87.111
665 -87.1113
666 -87.1116
667 -87.1119
668 -87.1122
669 -87.1126
670 -87.1129
671 -87.1132
672 -87.1135
673 -87.1138
674 -87.1141
675 -87.1144
676 -87.1147
677 -87.115
678 -87.1153
679 -87.1156
680 -87.1159
681 -87.1162
682 -87.1165
683 -87.1168
684 -87.1171
685 -87.1174
686 -87.1177
687 -87.118
688 -87.1183
689 -87.1186
690 -87.1189
691 -87.1192
692 -87.1195
693 -87.1198
694 -87.1201
695 -87.1204
696 -87.1207
697 -87.121
698 -87.1213
699 -87.1216
700 -87.1219
701 -87.1222
702 -87.1225
703 -87.1228
704 -87.1231
705 -87.1234
706 -87.1237
707 -87.1239
708 -87.1242
709 -87.1245
710 -87.1248
711 -87.1251
712 -87.1254
713 -87.1257
714 -87.126
715 -87.1263
716 -87.1266
717 -87.1268
718 -87.1271
719 -87.1274
720 -87.1277
721 -87.128
722 -87.1283
723 -87.1286
724 -87.1288
725 -87.1291
726 -87.1294
727 -87.1297
728 -87.13
729 -87.1303
730 -87.1306
731 -87.1308
732 -87.1311
733 -87.1314
734 -87.1317
735 -87.132
736 -87.1322
737 -87.1325
738 -87.1328
739 -87.1331
740 -87.1334
741 -87.1336
742 -87.1339
743 -87.1342
744 -87.1345
745 -87.1347
746 -87.135
747 -87.1353
748 -87.1356
749 -87.1359
750 -87.1361
751 -87.1364
752 -87.1367
753 -87.137
754 -87.1372
755 -87.1375
756 -87.1378
757 -87.138
758 -87.1383
759 -87.1386
760 -87.1389
761 -87.1391
762 -87.1394
763 -87.1397
764 -87.1399
765 -87.1402
766 -87.1405
767 -87.1407
768 -87.141
769 -87.1413
770 -87.1416
771 -87.1418
772 -87.1421
773 -87.1424
774 -87.1426
775 -87.1429
776 -87.1432
777 -87.1434
778 -87.1437
779 -87.1439
780 -87.1442
781 -87.1445
782 -87.1447
783 -87.145
784 -87.1453
785 -87.1455
786 -87.1458
787 -87.146
788 -87.1463
789 -87.1466
790 -87.1468
791 -87.1471
792 -87.1474
793 -87.1476
794 -87.1479
795 -87.1481
796 -87.1484
797 -87.1486
798 -87.1489
799 -87.1492
800 -87.1494
801 -87.1497
802 -87.1499
803 -87.1502
804 -87.1504
805 -87.1507
806 -87.1509
807 -87.1512
808 -87.1515
809 -87.1517
810 -87.152
811 -87.1522
812 -87.1525
813 -87.1527
814 -87.153
815 -87.1532
816 -87.1535
817 -87.1537
818 -87.154
819 -87.1542
820 -87.1545
821 -87.1547
822 -87.155
823 -87.1552
824 -87.1555
825 -87.1557
826 -87.156
827 -87.1562
828 -87.1565
829 -87.1567
830 -87.157
831 -87.1572
832 -87.1575
833 -87.1577
834 -87.1579
835 -87.1582
836 -87.1584
837 -87.1587
838 -87.1589
839 -87.1592
840 -87.1594
841 -87.1596
842 -87.1599
843 -87.1601
844 -87.1604
845 -87.1606
846 -87.1609
847 -87.1611
848 -87.1613
849 -87.1616
850 -87.1618
851 -87.1621
852 -87.1623
853 -87.1625
854 -87.1628
855 -87.163
856 -87.1633
857 -87.1635
858 -87.1637
859 -87.164
860 -87.1642
861 -87.1644
862 -87.1647
863 -87.1649
864 -87.1651
865 -87.1654
866 -87.1656
867 -87.1658
868 -87.1661
869 -87.1663
870 -87.1665
871 -87.1668
872 -87.167
873 -87.1672
874 -87.1675
875 -87.1677
876 -87.1679
877 -87.1682
878 -87.1684
879 -87.1686
880 -87.1689
881 -87.1691
882 -87.1693
883 -87.1696
884 -87.1698
885 -87.17
886 -87.1702
887 -87.1705
888 -87.1707
889 -87.1709
890 -87.1712
891 -87.1714
892 -87.1716
893 -87.1718
894 -87.1721
895 -87.1723
896 -87.1725
897 -87.1727
898 -87.173
899 -87.1732
900 -87.1734
901 -87.1736
902 -87.1739
903 -87.1741
904 -87.1743
905 -87.1745
906 -87.1747
907 -87.175
908 -87.1752
909 -87.1754
910 -87.1756
911 -87.1759
912 -87.1761
913 -87.1763
914 -87.1765
915 -87.1767
916 -87.177
917 -87.1772
918 -87.1774
919 -87.1776
920 -87.1778
921 -87.178
922 -87.1783
923 -87.1785
924 -87.1787
925 -87.1789
926 -87.1791
927 -87.1793
928 -87.1796
929 -87.1798
930 -87.18
931 -87.1802
932 -87.1804
933 -87.1806
934 -87.1808
935 -87.1811
936 -87.1813
937 -87.1815
938 -87.1817
939 -87.1819
940 -87.1821
941 -87.1823
942 -87.1826
943 -87.1828
944 -87.183
945 -87.1832
946 -87.1834
947 -87.1836
948 -87.1838
949 -87.184
950 -87.1842
951 -87.1844
952 -87.1847
953 -87.1849
954 -87.1851
955 -87.1853
956 -87.1855
957 -87.1857
958 -87.1859
959 -87.1861
960 -87.1863
961 -87.1865
962 -87.1867
963 -87.1869
964 -87.1871
965 -87.1873
966 -87.1875
967 -87.1878
968 -87.188
969 -87.1882
970 -87.1884
971 -87.1886
972 -87.1888
973 -87.189
974 -87.1892
975 -87.1894
976 -87.1896
977 -87.1898
978 -87.19
979 -87.1902
980 -87.1904
981 -87.1906
982 -87.1908
983 -87.191
984 -87.1912
985 -87.1914
986 -87.1916
987 -87.1918
988 -87.192
989 -87.1922
990 -87.1924
991 -87.1926
992 -87.1928
993 -87.193
994 -87.1932
995 -87.1934
996 -87.1936
997 -87.1938
998 -87.194
999 -87.1942
1000 -17.9983
1001 -18.0728
1002 -18.1311
1003 -18.1739
1004 -18.2024
1005 -18.2183
1006 -18.2232
1007 -18.2184
1008 -18.2043
1009 -18.1814
1010 -18.1497
1011 -18.1097
1012 -18.0613
1013 -18.0051
1014 -17.9412
1015 -17.87
1016 -17.7919
1017 -17.7072
1018 -17.6162
1019 -17.5194
1020 -17.4171
1021 -17.3097
1022 -17.1974
1023 -17.0806
1024 -16.9597
1025 -16.8349
1026 -16.7065
1027 -16.5747
1028 -16.44
1029 -16.3024
1030 -16.1623
1031 -16.0198
1032 -15.8752
1033 -15.7286
1034 -15.5802
1035 -15.4302
1036 -15.2788
1037 -15.1261
1038 -14.9723
1039 -14.8174
1040 -14.6616
1041 -14.5051
1042 -14.3478
1043 -14.19
1044 -14.0317
1045 -13.8729
1046 -13.7139
1047 -13.5546
1048 -13.3951
1049 -13.2356
1050 -13.076
1051 -12.9164
1052 -12.7569
1053 -12.5976
1054 -12.4384
1055 -12.2796
1056 -12.121
1057 -11.9629
1058 -11.8052
1059 -11.648
1060 -11.4914
1061 -11.3353
1062 -11.1799
1063 -11.0251
1064 -10.8709
1065 -10.7175
1066 -10.5648
1067 -10.4128
1068 -10.2615
1069 -10.111
1070 -9.9613
1071 -9.81236
1072 -9.6642
1073 -9.51684
1074 -9.37028
1075 -9.22452
1076 -9.07957
1077 -8.93544
1078 -8.79212
1079 -8.64962
1080 -8.50794
1081 -8.36707
1082 -8.22703
1083 -8.0878
1084 -7.94939
1085 -7.8118
1086 -7.67503
1087 -7.53907
1088 -7.40392
1089 -7.26958
1090 -7.13604
1091 -7.00331
1092 -6.87138
1093 -6.74025
1094 -6.60991
1095 -6.48036
1096 -6.35161
1097 -6.22363
1098 -6.09644
1099 -5.97003
1100 -5.8444
1101 -5.71953
1102 -5.59544
1103 -5.47211
1104 -5.34954
1105 -5.22773
1106 -5.10667
1107 -4.98636
1108 -4.8668
1109 -4.74799
1110 -4.62991
1111 -4.51258
1112 -4.39597
1113 -4.2801
1114 -4.16495
1115 -4.05052
1116 -3.93681
1117 -3.82382
1118 -3.71153
1119 -3.59996
1120 -3.48909
1121 -3.37892
1122 -3.26945
1123 -3.16067
1124 -3.05258
1125 -2.94518
1126 -2.83846
1127 -2.73243
1128 -2.62706
1129 -2.52237
1130 -2.41835
1131 -2.31499
1132 -2.2123
1133 -2.11026
1134 -2.00888
1135 -1.90815
1136 -1.80807
1137 -1.70863
1138 -1.60984
1139 -1.51168
1140 -1.41416
1141 -1.31727
1142 -1.22101
1143 -1.12537
1144 -1.03036
1145 -0.935959
1146 -0.842175
1147 -0.749002
1148 -0.656436
1149 -0.564474
1150 -0.473114
1151 -0.382352
1152 -0.292189
1153 -0.202622
1154 -0.113648
1155 -0.0252604
1156 0.0625439
1157 0.149768
1158 0.236415
1159 0.322487
1160 0.407988
1161 0.49292
1162 0.577286
1163 0.661088
1164 0.74433
1165 0.827014
1166 0.909143
1167 0.99072
1168 1.07175
1169 1.15223
1170 1.23217
1171 1.31156
1172 1.39042
1173 1.46874
1174 1.54653
1175 1.62378
1176 1.70051
1177 1.77671
1178 1.85239
1179 1.92755
1180 2.00219
1181 2.07632
1182 2.14993
1183 2.22303
1184 2.29562
1185 2.36771
1186 2.43929
1187 2.51038
1188 2.58096
1189 2.65105
1190 2.72065
1191 2.78975
1192 2.85836
1193 2.92649
1194 2.99413
1195 3.06129
1196 3.12797
1197 3.19418
1198 3.2599
1199 3.32516
1200 3.38994
1201 3.45426
1202 3.51811
1203 3.58149
1204 3.64442
1205 3.70688
1206 3.76889
1207 3.83044
1208 3.89154
1209 3.95219
1210 4.0124
1211 4.07215
1212 4.13146
1213 4.19033
1214 4.24877
1215 4.30676
1216 4.36432
1217 4.42145
1218 4.47814
1219 4.53441
1220 4.59026
1221 4.64568
1222 4.70068
1223 4.75526
1224 4.80943
1225 4.86318
1226 4.91652
1227 4.96945
1228 5.02197
1229 5.07409
1230 5.1258
1231 5.17712
1232 5.22804
1233 5.27856
1234 5.3287
1235 5.37844
1236 5.42779
1237 5.47676
1238 5.52535
1239 5.57356
1240 5.62139
1241 5.66884
1242 5.71593
1243 5.76264
1244 5.80899
1245 5.85497
1246 5.90059
1247 5.94585
1248 5.99076
1249 6.03531
1250 6.07951
1251 6.12337
1252 6.16688
1253 6.21005
1254 6.25288
1255 6.29538
1256 6.33754
1257 6.37937
1258 6.42088
1259 6.46206
1260 6.50292
1261 6.54347
1262 6.5837
1263 6.62362
1264 6.66323
1265 6.70254
1266 6.74155
1267 6.78026
1268 6.81867
1269 6.8568
1270 6.89464
1271 6.93219
1272 6.96947
1273 7.00647
1274 7.0432
1275 7.07966
1276 7.11586
1277 7.15179
1278 7.18747
1279 7.22289
1280 7.25807
1281 7.293
1282 7.32769
1283 7.36215
1284 7.39637
1285 7.43036
1286 7.46413
1287 7.49768
1288 7.53101
1289 7.56414
1290 7.59706
1291 7.62977
1292 7.66229
1293 7.69462
1294 7.72676
1295 7.75871
1296 7.79049
1297 7.8221
1298 7.85354
1299 7.88481
1300 7.91593
1301 7.94689
1302 7.97771
1303 8.00838
1304 8.03892
1305 8.06932
1306 8.0996
1307 8.12975
1308 8.1598
1309 8.18973
1310 8.21955
1311 8.24928
1312 8.27892
1313 8.30847
1314 8.33794
1315 8.36733
1316 8.39665
1317 8.42591
1318 8.45511
1319 8.48426
1320 8.51337
1321 8.54244
1322 8.57147
1323 8.60048
1324 8.62947
1325 8.65845
1326 8.68741
1327 8.71638
1328 8.74536
1329 8.77434
1330 8.80335
1331 8.83238
1332 8.86145
1333 8.89055
1334 8.91971
1335 8.94891
1336 8.97818
1337 9.00751
1338 9.03691
1339 9.0664
1340 9.09598
1341 9.12565
1342 9.15542
1343 9.1853
1344 9.2153
1345 9.24542
1346 9.27567
1347 9.30606
1348 9.33659
1349 9.36728
1350 9.39813
1351 9.42914
1352 9.46032
1353 9.49169
1354 9.52324
1355 9.55499
1356 9.58695
1357 9.61911
1358 9.65149
1359 9.68409
1360 9.71693
1361 9.75
1362 9.78332
1363 9.81689
1364 9.85072
1365 9.88482
1366 9.9192
1367 9.95385
1368 9.9888
1369 10.024
1370 10.0596
1371 10.0954
1372 10.1316
1373 10.1681
1374 10.2049
1375 10.2421
1376 10.2796
1377 10.3174
1378 10.3556
1379 10.3942
1380 10.4332
1381 10.4725
1382 10.5122
1383 10.5523
1384 10.5928
1385 10.6337
1386 10.6751
1387 10.7168
1388 10.759
1389 10.8016
1390 10.8446
1391 10.8881
1392 10.9321
1393 10.9765
1394 11.0214
1395 11.0667
1396 11.1126
1397 11.1589
1398 11.2057
1399 11.2531
1400 11.3009
1401 11.3493
1402 11.3982
1403 11.4477
1404 11.4977
1405 11.5483
1406 11.5994
1407 11.6511
1408 11.7034
1409 11.7563
1410 11.8098
1411 11.864
1412 11.9187
1413 11.9741
1414 12.0302
1415 12.087
1416 12.1444
1417 12.2025
1418 12.2614
1419 12.321
1420 12.3813
1421 12.4424
1422 12.5043
1423 12.567
1424 12.6305
1425 12.6948
1426 12.76
1427 12.826
1428 12.893
1429 12.9609
1430 13.0297
1431 13.0995
1432 13.1702
1433 13.2419
1434 13.3147
1435 13.3885
1436 13.4634
1437 13.5393
1438 13.6163
1439 13.6944
1440 13.7736
1441 13.8539
1442 13.9354
1443 14.0179
1444 14.1015
1445 14.1863
1446 14.2721
1447 14.3589
1448 14.4467
1449 14.5354
1450 14.625
1451 14.7154
1452 14.8064
1453 14.898
1454 14.99
1455 15.0822
1456 15.1745
1457 15.2665
1458 15.3581
1459 15.4488
1460 15.5385
1461 15.6266
1462 15.7127
1463 15.7964
1464 15.8769
1465 15.9538
1466 16.0262
1467 16.0934
1468 16.1544
1469 16.2084
1470 16.2542
1471 16.2908
1472 16.3167
1473 16.3307
1474 16.3313
1475 16.3169
1476 16.2859
1477 16.2366
1478 16.1671
1479 16.0756
1480 15.9604
1481 15.8196
1482 15.6516
1483 15.4548
1484 15.2282
1485 14.9707
1486 14.6822
1487 14.3631
1488 14.0144
1489 13.6386
1490 13.2388
1491 12.8198
1492 12.3872
1493 11.9481
1494 11.5115
1495 11.0857
1496 10.6864
1497 10.3008
1498 9.95735
1499 9.38549
1500 8.20113
1501 3.91815
1502 -4.27721
1503 -24.5708
1504 -43.1536
1505 -59.9763
1506 -70.7376
1507 -77.4396
1508 -81.4435
1509 -83.826
1510 -85.2363
1511 -86.0699
1512 -86.5619
1513 -86.852
1514 -87.0229
1515 -87.1237
1516 -87.183
1517 -87.218
1518 -87.2386
1519 -87.2508
1520 -87.258
1521 -87.2623
1522 -87.2649
1523 -87.2664
1524 -87.2674
1525 -87.268
1526 -87.2684
1527 -87.2686
1528 -87.2688
1529 -87.269
1530 -87.2691
1531 -87.2692
1532 -87.2693
1533 -87.2695
1534 -87.2696
1535 -87.2697
1536 -87.2698
1537 -87.2699
1538 -87.27
1539 -87.2701
1540 -87.2701
1541 -87.2702
1542 -87.2703
1543 -87.2704
1544 -87.2705
1545 -87.2706
1546 -87.2707
1547 -87.2708
1548 -87.2709
1549 -87.271
1550 -87.2711
1551 -87.2712
1552 -87.2713
1553 -87.2714
1554 -87.2715
1555 -87.2716
1556 -87.2717
1557 -87.2718
1558 -87.2719
1559 -87.272
1560 -87.2721
1561 -87.2722
1562 -87.2723
1563 -87.2724
1564 -87.2725
1565 -87.2725
1566 -87.2726
1567 -87.2727
1568 -87.2728
1569 -87.2729
1570 -87.273
1571 -87.2731
1572 -87.2732
1573 -87.2733
1574 -87.2734
1575 -87.2735
1576 -87.2736
1577 -87.2737
1578 -87.2738
1579 -87.2739
1580 -87.274
1581 -87.274
1582 -87.2741
1583 -87.2742
1584 -87.2743
1585 -87.2744
1586 -87.2745
1587 -87.2746
1588 -87.2747
1589 -87.2748
1590 -87.2749
1591 -87.275
1592 -87.2751
1593 -87.2751
1594 -87.2752
1595 -87.2753
1596 -87.2754
1597 -87.2755
1598 -87.2756
1599 -87.2757
1600 -87.2758
1601 -87.2759
1602 -87.276
1603 -87.2761
1604 -87.2761
1605 -87.2762
1606 -87.2763
1607 -87.2764
1608 -87.2765
1609 -87.2766
1610 -87.2767
1611 -87.2768
1612 -87.2769
1613 -87.277
1614 -87.277
1615 -87.2771
1616 -87.2772
1617 -87.2773
1618 -87.2774
1619 -87.2775
1620 -87.2776
1621 -87.2777
1622 -87.2777
1623 -87.2778
1624 -87.2779
1625 -87.278
1626 -87.2781
1627 -87.2782
1628 -87.2783
1629 -87.2784
1630 -87.2784
1631 -87.2785
1632 -87.2786
1633 -87.2787
1634 -87.2788
1635 -87.2789
1636 -87.279
1637 -87.2791
1638 -87.2791
1639 -87.2792
1640 -87.2793
1641 -87.2794
1642 -87.2795
1643 -87.2796
1644 -87.2797
1645 -87.2797
1646 -87.2798
1647 -87.2799
1648 -87.28
1649 -87.2801
1650 -87.2802
1651 -87.2803
1652 -87.2803
1653 -87.2804
1654 -87.2805
1655 -87.2806
1656 -87.2807
1657 -87.2808
1658 -87.2808
1659 -87.2809
1660 -87.281
1661 -87.2811
1662 -87.2812
1663 -87.2813
1664 -87.2814
1665 -87.2814
1666 -87.2815
1667 -87.2816
1668 -87.2817
1669 -87.2818
1670 -87.2819
1671 -87.2819
1672 -87.282
1673 -87.2821
1674 -87.2822
1675 -87.2823
1676 -87.2824
1677 -87.2824
1678 -87.2825
1679 -87.2826
1680 -87.2827
1681 -87.2828
1682 -87.2828
1683 -87.2829
1684 -87.283
1685 -87.2831
1686 -87.2832
1687 -87.2833
1688 -87.2833
1689 -87.2834
1690 -87.2835
1691 -87.2836
1692 -87.2837
1693 -87.2837
1694 -87.2838
1695 -87.2839
1696 -87.284
1697 -87.2841
1698 -87.2841
1699 -87.2842
1700 -87.2843
1701 -87.2844
1702 -87.2845
1703 -87.2845
1704 -87.2846
1705 -87.2847
1706 -87.2848
1707 -87.2849
1708 -87.2849
1709 -87.285
1710 -87.2851
1711 -87.2852
1712 -87.2853
1713 -87.2853
1714 -87.2854
1715 -87.2855
1716 -87.2856
1717 -87.2856
1718 -87.2857
1719 -87.2858
1720 -87.2859
1721 -87.286
1722 -87.286
1723 -87.2861
1724 -87.2862
1725 -87.2863
1726 -87.2864
1727 -87.2864
1728 -87.2865
1729 -87.2866
1730 -87.2867
1731 -87.2867
1732 -87.2868
1733 -87.2869
1734 -87.287
1735 -87.287
1736 -87.2871
1737 -87.2872
1738 -87.2873
1739 -87.2874
1740 -87.2874
1741 -87.2875
1742 -87.2876
1743 -87.2877
1744 -87.2877
1745 -87.2878
1746 -87.2879
1747 -87.288
1748 -87.288
1749 -87.2881
1750 -87.2882
1751 -87.2883
1752 -87.2883
1753 -87.2884
1754 -87.2885
1755 -87.2886
1756 -87.2886
1757 -87.2887
1758 -87.2888
1759 -87.2889
1760 -87.2889
1761 -87.289
1762 -87.2891
1763 -87.2892
1764 -87.2892
1765 -87.2893
1766 -87.2894
1767 -87.2895
1768 -87.2895
1769 -87.2896
1770 -87.2897
1771 -87.2898
1772 -87.2898
1773 -87.2899
1774 -87.29
1775 -87.29
1776 -87.2901
1777 -87.2902
1778 -87.2903
1779 -87.2903
1780 -87.2904
1781 -87.2905
1782 -87.2906
1783 -87.2906
1784 -87.2907
1785 -87.2908
1786 -87.2908
1787 -87.2909
1788 -87.291
1789 -87.2911
1790 -87.2911
1791 -87.2912
1792 -87.2913
1793 -87.2913
1794 -87.2914
1795 -87.2915
1796 -87.2916
1797 -87.2916
1798 -87.2917
1799 -87.2918
1800 -87.2918
1801 -87.2919
1802 -87.292
1803 -87.2921
1804 -87.2921
1805 -87.2922
1806 -87.2923
1807 -87.2923
1808 -87.2924
1809 -87.2925
1810 -87.2926
1811 -87.2926
1812 -87.2927
1813 -87.2928
1814 -87.2928
1815 -87.2929
1816 -87.293
1817 -87.293
1818 -87.2931
1819 -87.2932
1820 -87.2933
1821 -87.2933
1822 -87.2934
1823 -87.2935
1824 -87.2935
1825 -87.2936
1826 -87.2937
1827 -87.2937
1828 -87.2938
1829 -87.2939
1830 -87.2939
1831 -87.294
1832 -87.2941
1833 -87.2942
1834 -87.2942
1835 -87.2943
1836 -87.2944
1837 -87.2944
1838 -87.2945
1839 -87.2946
1840 -87.2946
1841 -87.2947
1842 -87.2948
1843 -87.2948
1844 -87.2949
1845 -87.295
1846 -87.295
1847 -87.2951
1848 -87.2952
1849 -87.2952
1850 -87.2953
1851 -87.2954
1852 -87.2954
1853 -87.2955
1854 -87.2956
1855 -87.2956
1856 -87.2957
1857 -87.2958
1858 -87.2958
1859 -87.2959
1860 -87.296
1861 -87.296
1862 -87.2961
1863 -87.2962
1864 -87.2962
1865 -87.2963
1866 -87.2964
1867 -87.2964
1868 -87.2965
1869 -87.2966
1870 -87.2966
1871 -87.2967
1872 -87.2968
1873 -87.2968
1874 -87.2969
1875 -87.297
1876 -87.297
1877 -87.2971
1878 -87.2971
1879 -87.2972
1880 -87.2973
1881 -87.2973
1882 -87.2974
1883 -87.2975
1884 -87.2975
1885 -87.2976
1886 -87.2977
1887 -87.2977
1888 -87.2978
1889 -87.2979
1890 -87.2979
1891 -87.298
1892 -87.2981
1893 -87.2981
1894 -87.2982
1895 -87.2982
1896 -87.2983
1897 -87.2984
1898 -87.2984
1899 -87.2985
1900 -87.2986
1901 -87.2986
1902 -87.2987
1903 -87.2987
1904 -87.2988
1905 -87.2989
1906 -87.2989
1907 -87.299
1908 -87.2991
1909 -87.2991
1910 -87.2992
1911 -87.2993
1912 -87.2993
1913 -87.2994
1914 -87.2994
1915 -87.2995
1916 -87.2996
1917 -87.2996
1918 -87.2997
1919 -87.2997
1920 -87.2998
1921 -87.2999
1922 -87.2999
1923 -87.3
1924 -87.3001
1925 -87.3001
1926 -87.3002
1927 -87.3002
1928 -87.3003
1929 -87.3004
1930 -87.3004
1931 -87.3005
1932 -87.3005
1933 -87.3006
1934 -87.3007
1935 -87.3007
1936 -87.3008
1937 -87.3009
1938 -87.3009
1939 -87.301
1940 -87.301
1941 -87.3011
1942 -87.3012
1943 -87.3012
1944 -87.3013
1945 -87.3013
1946 -87.3014
1947 -87.3015
1948 -87.3015
1949 -87.3016
1950 -87.3016
1951 -87.3017
1952 -87.3018
1953 -87.3018
1954 -87.3019
1955 -87.3019
1956 -87.302
1957 -87.3021
1958 -87.3021
1959 -87.3022
1960 -87.3022
1961 -87.3023
1962 -87.3023
1963 -87.3024
1964 -87.3025
1965 -87.3025
1966 -87.3026
1967 -87.3026
1968 -87.3027
1969 -87.3028
1970 -87.3028
1971 -87.3029
1972 -87.3029
1973 -87.303
1974 -87.3031
1975 -87.3031
1976 -87.3032
1977 -87.3032
1978 -87.3033
1979 -87.3033
1980 -87.3034
1981 -87.3035
1982 -87.3035
1983 -87.3036
1984 -87.3036
1985 -87.3037
1986 -87.3037
1987 -87.3038
1988 -87.3039
1989 -87.3039
1990 -87.304
1991 -87.304
1992 -87.3041
1993 -87.3041
1994 -87.3042
1995 -87.3043
1996 -87.3043
1997 -87.3044
1998 -87.3044
1999 -87.3045
2000 -84.9277
2001 -84.9326
2002 -84.9384
2003 -84.9449
2004 -84.9519
2005 -84.9591
2006 -84.9663
2007 -84.9731
2008 -84.9794
2009 -84.9847
2010 -84.9892
2011 -84.9926
2012 -84.995
2013 -84.9964
2014 -84.9966
2015 -84.996
2016 -84.9944
2017 -84.9919
2018 -84.9886
2019 -84.9846
2020 -84.98
2021 -84.9747
2022 -84.9689
2023 -84.9626
2024 -84.9558
2025 -84.9486
2026 -84.9411
2027 -84.9332
2028 -84.925
2029 -84.9165
2030 -84.9077
2031 -84.8987
2032 -84.8895
2033 -84.8801
2034 -84.8704
2035 -84.8606
2036 -84.8506
2037 -84.8404
2038 -84.83
2039 -84.8195
2040 -84.8088
2041 -84.798
2042 -84.787
2043 -84.7759
2044 -84.7646
2045 -84.7532
2046 -84.7416
2047 -84.7299
2048 -84.718
2049 -84.7059
2050 -84.6937
2051 -84.6814
2052 -84.6689
2053 -84.6562
2054 -84.6434
2055 -84.6305
2056 -84.6174
2057 -84.6042
2058 -84.5908
2059 -84.5773
2060 -84.5637
2061 -84.55
2062 -84.5361
2063 -84.5221
2064 -84.508
2065 -84.4937
2066 -84.4793
2067 -84.4648
2068 -84.4501
2069 -84.4353
2070 -84.4203
2071 -84.4052
2072 -84.3899
2073 -84.3744
2074 -84.3588
2075 -84.343
2076 -84.327
2077 -84.3108
2078 -84.2944
2079 -84.2779
2080 -84.2611
2081 -84.2442
2082 -84.227
2083 -84.2096
2084 -84.1921
2085 -84.1742
2086 -84.1562
2087 -84.1379
2088 -84.1194
2089 -84.1006
2090 -84.0816
2091 -84.0623
2092 -84.0428
2093 -84.0229
2094 -84.0028
2095 -83.9824
2096 -83.9617
2097 -83.9407
2098 -83.9194
2099 -83.8977
2100 -83.8757
2101 -83.8534
2102 -83.8307
2103 -83.8077
2104 -83.7843
2105 -83.7605
2106 -83.7363
2107 -83.7117
2108 -83.6867
2109 -83.6613
2110 -83.6355
2111 -83.6092
2112 -83.5824
2113 -83.5552
2114 -83.5274
2115 -83.4992
2116 -83.4704
2117 -83.4412
2118 -83.4113
2119 -83.381
2120 -83.35
2121 -83.3185
2122 -83.2863
2123 -83.2535
2124 -83.2201
2125 -83.186
2126 -83.1513
2127 -83.1158
2128 -83.0797
2129 -83.0428
2130 -83.0051
2131 -82.9667
2132 -82.9275
2133 -82.8875
2134 -82.8466
2135 -82.8049
2136 -82.7623
2137 -82.7188
2138 -82.6743
2139 -82.6289
2140 -82.5825
2141 -82.5352
2142 -82.4868
2143 -82.4373
2144 -82.3868
2145 -82.3351
2146 -82.2823
2147 -82.2283
2148 -82.1732
2149 -82.1168
2150 -82.0592
2151 -82.0003
2152 -81.9401
2153 -81.8785
2154 -81.8156
2155 -81.7512
2156 -81.6854
2157 -81.6181
2158 -81.5494
2159 -81.4791
2160 -81.4072
2161 -81.3337
2162 -81.2586
2163 -81.1818
2164 -81.1033
2165 -81.0231
2166 -80.941
2167 -80.8572
2168 -80.7715
2169 -80.684
2170 -80.5945
2171 -80.5031
2172 -80.4097
2173 -80.3143
2174 -80.2168
2175 -80.1172
2176 -80.0155
2177 -79.9117
2178 -79.8057
2179 -79.6975
2180 -79.587
2181 -79.4743
2182 -79.3592
2183 -79.2419
2184 -79.1221
2185 -79
2186 -78.8755
2187 -78.7485
2188 -78.6191
2189 -78.4872
2190 -78.3528
2191 -78.2159
2192 -78.0765
2193 -77.9345
2194 -77.79
2195 -77.6428
2196 -77.4932
2197 -77.3409
2198 -77.186
2199 -77.0285
2200 -76.8685
2201 -76.7058
2202 -76.5405
2203 -76.3727
2204 -76.2023
2205 -76.0293
2206 -75.8537
2207 -75.6756
2208 -75.495
2209 -75.3119
2210 -75.1263
2211 -74.9382
2212 -74.7477
2213 -74.5548
2214 -74.3596
2215 -74.162
2216 -73.9621
2217 -73.76
2218 -73.5556
2219 -73.3491
2220 -73.1404
2221 -72.9297
2222 -72.7169
2223 -72.5022
2224 -72.2855
2225 -72.0669
2226 -71.8466
2227 -71.6244
2228 -71.4006
2229 -71.1751
2230 -70.948
2231 -70.7193
2232 -70.4893
2233 -70.2578
2234 -70.0249
2235 -69.7908
2236 -69.5554
2237 -69.3189
2238 -69.0813
2239 -68.8427
2240 -68.6031
2241 -68.3625
2242 -68.1211
2243 -67.879
2244 -67.6361
2245 -67.3925
2246 -67.1483
2247 -66.9035
2248 -66.6582
2249 -66.4125
2250 -66.1664
2251 -65.9199
2252 -65.6732
2253 -65.4262
2254 -65.1789
2255 -64.9316
2256 -64.6841
2257 -64.4366
2258 -64.189
2259 -63.9414
2260 -63.6939
2261 -63.4465
2262 -63.1992
2263 -62.9521
2264 -62.7052
2265 -62.4585
2266 -62.212
2267 -61.9658
2268 -61.72
2269 -61.4744
2270 -61.2292
2271 -60.9844
2272 -60.74
2273 -60.496
2274 -60.2525
2275 -60.0093
2276 -59.7667
2277 -59.5246
2278 -59.2829
2279 -59.0418
2280 -58.8011
2281 -58.561
2282 -58.3215
2283 -58.0825
2284 -57.844
2285 -57.6061
2286 -57.3688
2287 -57.132
2288 -56.8959
2289 -56.6603
2290 -56.4253
2291 -56.1908
2292 -55.957
2293 -55.7237
2294 -55.4911
2295 -55.259
2296 -55.0275
2297 -54.7966
2298 -54.5662
2299 -54.3365
2300 -54.1073
2301 -53.8787
2302 -53.6507
2303 -53.4233
2304 -53.1964
2305 -52.97
2306 -52.7443
2307 -52.519
2308 -52.2944
2309 -52.0702
2310 -51.8466
2311 -51.6236
2312 -51.401
2313 -51.179
2314 -50.9575
2315 -50.7365
2316 -50.516
2317 -50.296
2318 -50.0764
2319 -49.8574
2320 -49.6388
2321 -49.4208
2322 -49.2032
2323 -48.986
2324 -48.7693
2325 -48.553
2326 -48.3372
2327 -48.1219
2328 -47.9069
2329 -47.6924
2330 -47.4783
2331 -47.2646
2332 -47.0514
2333 -46.8385
2334 -46.6261
2335 -46.414
2336 -46.2023
2337 -45.991
2338 -45.7801
2339 -45.5696
2340 -45.3595
2341 -45.1497
2342 -44.9403
2343 -44.7312
2344 -44.5225
2345 -44.3142
2346 -44.1062
2347 -43.8986
2348 -43.6913
2349 -43.4843
2350 -43.2777
2351 -43.0715
2352 -42.8655
2353 -42.6599
2354 -42.4547
2355 -42.2497
2356 -42.0451
2357 -41.8409
2358 -41.6369
2359 -41.4333
2360 -41.23
2361 -41.0271
2362 -40.8244
2363 -40.6221
2364 -40.4201
2365 -40.2184
2366 -40.0171
2367 -39.816
2368 -39.6153
2369 -39.4149
2370 -39.2149
2371 -39.0151
2372 -38.8157
2373 -38.6166
2374 -38.4179
2375 -38.2195
2376 -38.0214
2377 -37.8236
2378 -37.6262
2379 -37.4291
2380 -37.2324
2381 -37.036
2382 -36.8399
2383 -36.6442
2384 -36.4489
2385 -36.2539
2386 -36.0593
2387 -35.865
2388 -35.6711
2389 -35.4776
2390 -35.2845
2391 -35.0917
2392 -34.8993
2393 -34.7073
2394 -34.5158
2395 -34.3246
2396 -34.1338
2397 -33.9434
2398 -33.7535
2399 -33.564
2400 -33.3749
2401 -33.1862
2402 -32.998
2403 -32.8102
2404 -32.6229
2405 -32.436
2406 -32.2495
2407 -32.0636
2408 -31.8781
2409 -31.693
2410 -31.5084
2411 -31.3244
2412 -31.1408
2413 -30.9576
2414 -30.775
2415 -30.5929
2416 -30.4112
2417 -30.2301
2418 -30.0494
2419 -29.8693
2420 -29.6897
2421 -29.5105
2422 -29.3319
2423 -29.1538
2424 -28.9762
2425 -28.7991
2426 -28.6225
2427 -28.4465
2428 -28.2709
2429 -28.0959
2430 -27.9213
2431 -27.7473
2432 -27.5738
2433 -27.4008
2434 -27.2283
2435 -27.0563
2436 -26.8849
2437 -26.7139
2438 -26.5434
2439 -26.3734
2440 -26.2039
2441 -26.0349
2442 -25.8664
2443 -25.6983
2444 -25.5308
2445 -25.3637
2446 -25.1971
2447 -25.0309
2448 -24.8652
2449 -24.7
2450 -24.5353
2451 -24.371
2452 -24.2071
2453 -24.0437
2454 -23.8807
2455 -23.7182
2456 -23.5561
2457 -23.3945
2458 -23.2333
2459 -23.0725
2460 -22.9121
2461 -22.7521
2462 -22.5926
2463 -22.4335
2464 -22.2748
2465 -22.1165
2466 -21.9586
2467 -21.8011
2468 -21.644
2469 -21.4874
2470 -21.3311
2471 -21.1752
2472 -21.0197
2473 -20.8646
2474 -20.7099
2475 -20.5557
2476 -20.4018
2477 -20.2482
2478 -20.0951
2479 -19.9424
2480 -19.7901
2481 -19.6381
2482 -19.4866
2483 -19.3354
2484 -19.1847
2485 -19.0343
2486 -18.8844
2487 -18.7348
2488 -18.5856
2489 -18.4368
2490 -18.2885
2491 -18.1405
2492 -17.9929
2493 -17.8457
2494 -17.699
2495 -17.5526
2496 -17.4067
2497 -17.2611
2498 -17.116
2499 -16.9713
2500 -16.827
2501 -16.6831
2502 -16.5396
2503 -16.3966
2504 -16.2539
2505 -16.1117
2506 -15.97
2507 -15.8286
2508 -15.6877
2509 -15.5473
2510 -15.4072
2511 -15.2676
2512 -15.1285
2513 -14.9898
2514 -14.8515
2515 -14.7137
2516 -14.5763
2517 -14.4394
2518 -14.3029
2519 -14.1669
2520 -14.0313
2521 -13.8963
2522 -13.7616
2523 -13.6275
2524 -13.4938
2525 -13.3605
2526 -13.2278
2527 -13.0955
2528 -12.9637
2529 -12.8323
2530 -12.7015
2531 -12.5711
2532 -12.4412
2533 -12.3118
2534 -12.1828
2535 -12.0544
2536 -11.9265
2537 -11.799
2538 -11.672
2539 -11.5455
2540 -11.4196
2541 -11.2941
2542 -11.1691
2543 -11.0446
2544 -10.9206
2545 -10.7971
2546 -10.6741
2547 -10.5516
2548 -10.4296
2549 -10.3082
2550 -10.1872
2551 -10.0667
2552 -9.94678
2553 -9.82734
2554 -9.70841
2555 -9.58999
2556 -9.47208
2557 -9.35469
2558 -9.2378
2559 -9.12144
2560 -9.00559
2561 -8.89025
2562 -8.77543
2563 -8.66112
2564 -8.54734
2565 -8.43407
2566 -8.32132
2567 -8.20908
2568 -8.09737
2569 -7.98618
2570 -7.8755
2571 -7.76535
2572 -7.65571
2573 -7.5466
2574 -7.438
2575 -7.32993
2576 -7.22237
2577 -7.11534
2578 -7.00883
2579 -6.90284
2580 -6.79737
2581 -6.69243
2582 -6.588
2583 -6.4841
2584 -6.38071
2585 -6.27785
2586 -6.17551
2587 -6.0737
2588 -5.9724
2589 -5.87162
2590 -5.77137
2591 -5.67164
2592 -5.57242
2593 -5.47373
2594 -5.37555
2595 -5.2779
2596 -5.18076
2597 -5.08413
2598 -4.98802
2599 -4.89243
2600 -4.79734
2601 -4.70276
2602 -4.60869
2603 -4.51512
2604 -4.42206
2605 -4.3295
2606 -4.23744
2607 -4.14588
2608 -4.05481
2609 -3.96424
2610 -3.87416
2611 -3.78458
2612 -3.69548
2613 -3.60688
2614 -3.51876
2615 -3.43112
2616 -3.34397
2617 -3.25729
2618 -3.1711
2619 -3.08538
2620 -3.00014
2621 -2.91537
2622 -2.83108
2623 -2.74725
2624 -2.6639
2625 -2.58101
2626 -2.49858
2627 -2.41662
2628 -2.33512
2629 -2.25408
2630 -2.1735
2631 -2.09338
2632 -2.01371
2633 -1.93449
2634 -1.85573
2635 -1.77742
2636 -1.69955
2637 -1.62213
2638 -1.54516
2639 -1.46863
2640 -1.39254
2641 -1.31689
2642 -1.24168
2643 -1.1669
2644 -1.09256
2645 -1.01865
2646 -0.945178
2647 -0.87213
2648 -0.799511
2649 -0.727317
2650 -0.655549
2651 -0.584203
2652 -0.513278
2653 -0.442772
2654 -0.372684
2655 -0.303014
2656 -0.233759
2657 -0.164919
2658 -0.0964944
2659 -0.0284759
2660 0.0391241
2661 0.106319
2662 0.17311
2663 0.239498
2664 0.305483
2665 0.371067
2666 0.436252
2667 0.501039
2668 0.56543
2669 0.629425
2670 0.693028
2671 0.756239
2672 0.819059
2673 0.881491
2674 0.943535
2675 1.00519
2676 1.06647
2677 1.12736
2678 1.18787
2679 1.24801
2680 1.30776
2681 1.36714
2682 1.42614
2683 1.48477
2684 1.54303
2685 1.60092
2686 1.65844
2687 1.7156
2688 1.77238
2689 1.82881
2690 1.88487
2691 1.94057
2692 1.99592
2693 2.05091
2694 2.10554
2695 2.15981
2696 2.21374
2697 2.26731
2698 2.32054
2699 2.37342
2700 2.42595
2701 2.47814
2702 2.52999
2703 2.58149
2704 2.63266
2705 2.68349
2706 2.73398
2707 2.78415
2708 2.83398
2709 2.88348
2710 2.93265
2711 2.9815
2712 3.03002
2713 3.07822
2714 3.1261
2715 3.17366
2716 3.2209
2717 3.26783
2718 3.31445
2719 3.36075
2720 3.40675
2721 3.45244
2722 3.49783
2723 3.54291
2724 3.5877
2725 3.63218
2726 3.67637
2727 3.72027
2728 3.76387
2729 3.80719
2730 3.85021
2731 3.89296
2732 3.93542
2733 3.9776
2734 4.01951
2735 4.06113
2736 4.10249
2737 4.14358
2738 4.1844
2739 4.22496
2740 4.26525
2741 4.30528
2742 4.34506
2743 4.38459
2744 4.42386
2745 4.46289
2746 4.50167
2747 4.54021
2748 4.57851
2749 4.61658
2750 4.65441
2751 4.69201
2752 4.72939
2753 4.76655
2754 4.80348
2755 4.8402
2756 4.87671
2757 4.91301
2758 4.9491
2759 4.98499
2760 5.02068
2761 5.05618
2762 5.09149
2763 5.12661
2764 5.16155
2765 5.19632
2766 5.2309
2767 5.26532
2768 5.29957
2769 5.33366
2770 5.36759
2771 5.40137
2772 5.435
2773 5.46849
2774 5.50184
2775 5.53505
2776 5.56813
2777 5.60109
2778 5.63392
2779 5.66664
2780 5.69925
2781 5.73175
2782 5.76415
2783 5.79645
2784 5.82865
2785 5.86077
2786 5.8928
2787 5.92475
2788 5.95663
2789 5.98843
2790 6.02016
2791 6.05182
2792 6.08342
2793 6.11496
2794 6.14643
2795 6.17785
2796 6.2092
2797 6.2405
2798 6.27173
2799 6.30291
2800 6.33402
2801 6.36506
2802 6.39603
2803 6.42692
2804 6.45773
2805 6.48845
2806 6.51907
2807 6.5496
2808 6.58002
2809 6.61033
2810 6.64053
2811 6.67061
2812 6.70059
2813 6.73046
2814 6.76025
2815 6.78999
2816 6.8197
2817 6.84943
2818 6.87925
2819 6.90924
2820 6.93946
2821 6.97
2822 7.0009
2823 7.03218
2824 7.06388
2825 7.09599
2826 7.12854
2827 7.16151
2828 7.19491
2829 7.22871
2830 7.26292
2831 7.29752
2832 7.33249
2833 7.36783
2834 7.40352
2835 7.43954
2836 7.47589
2837 7.51257
2838 7.54957
2839 7.58687
2840 7.62447
2841 7.66238
2842 7.70058
2843 7.73907
2844 7.77787
2845 7.81696
2846 7.85636
2847 7.89606
2848 7.93607
2849 7.97638
2850 8.01699
2851 8.05792
2852 8.09917
2853 8.14075
2854 8.18266
2855 8.22491
2856 8.26751
2857 8.31046
2858 8.35379
2859 8.39749
2860 8.44158
2861 8.48607
2862 8.53095
2863 8.57625
2864 8.62197
2865 8.66812
2866 8.7147
2867 8.76173
2868 8.80921
2869 8.85714
2870 8.90554
2871 8.9544
2872 9.00374
2873 9.05356
2874 9.10387
2875 9.15466
2876 9.20595
2877 9.25774
2878 9.31003
2879 9.36283
2880 9.41614
2881 9.46996
2882 9.5243
2883 9.57915
2884 9.63453
2885 9.69043
2886 9.74685
2887 9.80381
2888 9.86129
2889 9.91931
2890 9.97786
2891 10.0369
2892 10.0966
2893 10.1567
2894 10.2174
2895 10.2786
2896 10.3404
2897 10.4027
2898 10.4656
2899 10.529
2900 10.5929
2901 10.6574
2902 10.7224
2903 10.788
2904 10.8541
2905 10.9207
2906 10.988
2907 11.0557
2908 11.124
2909 11.1929
2910 11.2623
2911 11.3323
2912 11.4029
2913 11.474
2914 11.5457
2915 11.6179
2916 11.6908
2917 11.7642
2918 11.8382
2919 11.9128
2920 11.988
2921 12.0639
2922 12.1403
2923 12.2174
2924 12.2951
2925 12.3735
2926 12.4525
2927 12.5322
2928 12.6126
2929 12.6936
2930 12.7754
2931 12.8579
2932 12.9411
2933 13.0251
2934 13.1099
2935 13.1954
2936 13.2817
2937 13.3688
2938 13.4566
2939 13.5453
2940 13.6348
2941 13.7251
2942 13.8162
2943 13.9082
2944 14.0008
2945 14.0943
2946 14.1885
2947 14.2833
2948 14.3789
2949 14.4749
2950 14.5715
2951 14.6686
2952 14.7659
2953 14.8633
2954 14.9608
2955 15.0581
2956 15.155
2957 15.2513
2958 15.3467
2959 15.4408
2960 15.5333
2961 15.6238
2962 15.7117
2963 15.7965
2964 15.8777
2965 15.9545
2966 16.0261
2967 16.0919
2968 16.1507
2969 16.2015
2970 16.2434
2971 16.2749
2972 16.2949
2973 16.3018
2974 16.2942
2975 16.2705
2976 16.2288
2977 16.1675
2978 16.0848
2979 15.9789
2980 15.8479
2981 15.6902
2982 15.5041
2983 15.2885
2984 15.0423
2985 14.7652
2986 14.4575
2987 14.1206
2988 13.7578
2989 13.3758
2990 12.9898
2991 12.6357
2992 12.4103
2993 12.5742
2994 13.6243
2995 15.9937
2996 19.3502
2997 22.464
2998 24.1454
2999 24.1169
