0 -78.7963
1 -70.9719
2 -63.8282
3 -59.6049
4 -61.5359
5 -69.5984
6 -76.6758
7 -81.0246
8 -83.5217
9 -84.9465
10 -85.7561
11 -86.2146
12 -86.4737
13 -86.62
14 -86.7026
15 -86.7494
16 -86.776
17 -86.7913
18 -86.8002
19 -86.8056
20 -86.8089
21 -86.8111
22 -86.8127
23 -86.814
24 -86.815
25 -86.8159
26 -86.8168
27 -86.8176
28 -86.8184
29 -86.8192
30 -86.82
31 -86.8207
32 -86.8215
33 -86.8223
34 -86.823
35 -86.8238
36 -86.8246
37 -86.8253
38 -86.8261
39 -86.8269
40 -86.8276
41 -86.8284
42 -86.8291
43 -86.8299
44 -86.8306
45 -86.8314
46 -86.8321
47 -86.8329
48 -86.8336
49 -86.8344
50 -86.8351
51 -86.8359
52 -86.8366
53 -86.8374
54 -86.8381
55 -86.8389
56 -86.8396
57 -86.8403
58 -86.8411
59 -86.8418
60 -86.8425
61 -86.8433
62 -86.844
63 -86.8447
64 -86.8455
65 -86.8462
66 -86.8469
67 -86.8476
68 -86.8484
69 -86.8491
70 -86.8498
71 -86.8505
72 -86.8513
73 -86.852
74 -86.8527
75 -86.8534
76 -86.8541
77 -86.8548
78 -86.8556
79 -86.8563
80 -86.857
81 -86.8577
82 -86.8584
83 -86.8591
84 -86.8598
85 -86.8605
86 -86.8612
87 -86.8619
88 -86.8626
89 -86.8633
90 -86.864
91 -86.8647
92 -86.8654
93 -86.8661
94 -86.8668
95 -86.8675
96 -86.8682
97 -86.8689
98 -86.8696
99 -86.8703
100 -86.871
101 -86.8716
102 -86.8723
103 -86.873
104 -86.8737
105 -86.8744
106 -86.8751
107 -86.8757
108 -86.8764
109 -86.8771
110 -86.8778
111 -86.8784
112 -86.8791
113 -86.8798
114 -86.8805
115 -86.8811
116 -86.8818
117 -86.8825
118 -86.8831
119 -86.8838
120 -86.8845
121 -86.8851
122 -86.8858
123 -86.8865
124 -86.8871
125 -86.8878
126 -86.8885
127 -86.8891
128 -86.8898
129 -86.8904
130 -86.8911
131 -86.8917
132 -86.8924
133 -86.893
134 -86.8937
135 -86.8943
136 -86.895
137 -86.8956
138 -86.8963
139 -86.8969
140 -86.8976
141 -86.8982
142 -86.8989
143 -86.8995
144 -86.9002
145 -86.9008
146 -86.9014
147 -86.9021
148 -86.9027
149 -86.9033
150 -86.904
151 -86.9046
152 -86.9052
153 -86.9059
154 -86.9065
155 -86.9071
156 -86.9078
157 -86.9084
158 -86.909
159 -86.9096
160 -86.9103
161 -86.9109
162 -86.9115
163 -86.9121
164 -86.9128
165 -86.9134
166 -86.914
167 -86.9146
168 -86.9152
169 -86.9158
170 -86.9165
171 -86.9171
172 -86.9177
173 -86.9183
174 -86.9189
175 -86.9195
176 -86.9201
177 -86.9207
178 -86.9213
179 -86.922
180 -86.9226
181 -86.9232
182 -86.9238
183 -86.9244
184 -86.925
185 -86.9256
186 -86.9262
187 -86.9268
188 -86.9274
189 -86.928
190 -86.9286
191 -86.9292
192 -86.9297
193 -86.9303
194 -86.9309
195 -86.9315
196 -86.9321
197 -86.9327
198 -86.9333
199 -86.9339
200 -86.9345
201 -86.935
202 -86.9356
203 -86.9362
204 -86.9368
205 -86.9374
206 -86.938
207 -86.9385
208 -86.9391
209 -86.9397
210 -86.9403
211 -86.9409
212 -86.9414
213 -86.942
214 -86.9426
215 -86.9431
216 -86.9437
217 -86.9443
218 -86.9449
219 -86.9454
220 -86.946
221 -86.9466
222 -86.9471
223 -86.9477
224 -86.9483
225 -86.9488
226 -86.9494
227 -86.95
228 -86.9505
229 -86.9511
230 -86.9516
231 -86.9522
232 -86.9527
233 -86.9533
234 -86.9539
235 -86.9544
236 -86.955
237 -86.9555
238 -86.9561
239 -86.9566
240 -86.9572
241 -86.9577
242 -86.9583
243 -86.9588
244 -86.9594
245 -86.9599
246 -86.9605
247 -86.961
248 -86.9616
249 -86.9621
250 -86.9626
251 -86.9632
252 -86.9637
253 -86.9643
254 -86.9648
255 -86.9653
256 -86.9659
257 -86.9664
258 -86.9669
259 -86.9675
260 -86.968
261 -86.9685
262 -86.9691
263 -86.9696
264 -86.9701
265 -86.9707
266 -86.9712
267 -86.9717
268 -86.9723
269 -86.9728
270 -86.9733
271 -86.9738
272 -86.9744
273 -86.9749
274 -86.9754
275 -86.9759
276 -86.9764
277 -86.977
278 -86.9775
279 -86.978
280 -86.9785
281 -86.979
282 -86.9796
283 -86.9801
284 -86.9806
285 -86.9811
286 -86.9816
287 -86.9821
288 -86.9826
289 -86.9831
290 -86.9837
291 -86.9842
292 -86.9847
293 -86.9852
294 -86.9857
295 -86.9862
296 -86.9867
297 -86.9872
298 -86.9877
299 -86.9882
300 -86.9887
301 -86.9892
302 -86.9897
303 -86.9902
304 -86.9907
305 -86.9912
306 -86.9917
307 -86.9922
308 -86.9927
309 -86.9932
310 -86.9937
311 -86.9942
312 -86.9947
313 -86.9952
314 -86.9957
315 -86.9961
316 -86.9966
317 -86.9971
318 -86.9976
319 -86.9981
320 -86.9986
321 -86.9991
322 -86.9996
323 -87
324 -87.0005
325 -87.001
326 -87.0015
327 -87.002
328 -87.0025
329 -87.0029
330 -87.0034
331 -87.0039
332 -87.0044
333 -87.0048
334 -87.0053
335 -87.0058
336 -87.0063
337 -87.0067
338 -87.0072
339 -87.0077
340 -87.0082
341 -87.0086
342 -87.0091
343 -87.0096
344 -87.01
345 -87.0105
346 -87.011
347 -87.0114
348 -87.0119
349 -87.0124
350 -87.0128
351 -87.0133
352 -87.0138
353 -87.0142
354 -87.0147
355 -87.0152
356 -87.0156
357 -87.0161
358 -87.0165
359 -87.017
360 -87.0175
361 -87.0179
362 -87.0184
363 -87.0188
364 -87.0193
365 -87.0197
366 -87.0202
367 -87.0206
368 -87.0211
369 -87.0215
370 -87.022
371 -87.0225
372 -87.0229
373 -87.0233
374 -87.0238
375 -87.0242
376 -87.0247
377 -87.0251
378 -87.0256
379 -87.026
380 -87.0265
381 -87.0269
382 -87.0274
383 -87.0278
384 -87.0282
385 -87.0287
386 -87.0291
387 -87.0296
388 -87.03
389 -87.0304
390 -87.0309
391 -87.0313
392 -87.0318
393 -87.0322
394 -87.0326
395 -87.0331
396 -87.0335
397 -87.0339
398 -87.0344
399 -87.0348
400 -87.0352
401 -87.0357
402 -87.0361
403 -87.0365
404 -87.0369
405 -87.0374
406 -87.0378
407 -87.0382
408 -87.0386
409 -87.0391
410 -87.0395
411 -87.0399
412 -87.0403
413 -87.0408
414 -87.0412
415 -87.0416
416 -87.042
417 -87.0425
418 -87.0429
419 -87.0433
420 -87.0437
421 -87.0441
422 -87.0445
423 -87.045
424 -87.0454
425 -87.0458
426 -87.0462
427 -87.0466
428 -87.047
429 -87.0474
430 -87.0479
431 -87.0483
432 -87.0487
433 -87.0491
434 -87.0495
435 -87.0499
436 -87.0503
437 -87.0507
438 -87.0511
439 -87.0515
440 -87.052
441 -87.0524
442 -87.0528
443 -87.0532
444 -87.0536
445 -87.054
446 -87.0544
447 -87.0548
448 -87.0552
449 -87.0556
450 -87.056
451 -87.0564
452 -87.0568
453 -87.0572
454 -87.0576
455 -87.058
456 -87.0584
457 -87.0588
458 -87.0592
459 -87.0596
460 -87.0599
461 -87.0603
462 -87.0607
463 -87.0611
464 -87.0615
465 -87.0619
466 -87.0623
467 -87.0627
468 -87.0631
469 -87.0635
470 -87.0639
471 -87.0642
472 -87.0646
473 -87.065
474 -87.0654
475 -87.0658
476 -87.0662
477 -87.0666
478 -87.0669
479 -87.0673
480 -87.0677
481 -87.0681
482 -87.0685
483 -87.0689
484 -87.0692
485 -87.0696
486 -87.07
487 -87.0704
488 -87.0708
489 -87.0711
490 -87.0715
491 -87.0719
492 -87.0723
493 -87.0726
494 -87.073
495 -87.0734
496 -87.0738
497 -87.0741
498 -87.0745
499 -87.0749
500 -87.0753
501 -87.0756
502 -87.076
503 -87.0764
504 -87.0767
505 -87.0771
506 -87.0775
507 -87.0778
508 -87.0782
509 -87.0786
510 -87.0789
511 -87.0793
512 -87.0797
513 -87.08
514 -87.0804
515 -87.0808
516 -87.0811
517 -87.0815
518 -87.0819
519 -87.0822
520 -87.0826
521 -87.0829
522 -87.0833
523 -87.0837
524 -87.084
525 -87.0844
526 -87.0847
527 -87.0851
528 -87.0854
529 -87.0858
530 -87.0862
531 -87.0865
532 -87.0869
533 -87.0872
534 -87.0876
535 -87.0879
536 -87.0883
537 -87.0886
538 -87.089
539 -87.0893
540 -87.0897
541 -87.09
542 -87.0904
543 -87.0907
544 -87.0911
545 -87.0914
546 -87.0918
547 -87.0921
548 -87.0925
549 -87.0928
550 -87.0932
551 -87.0935
552 -87.0938
553 -87.0942
554 -87.0945
555 -87.0949
556 -87.0952
557 -87.0956
558 -87.0959
559 -87.0962
560 -87.0966
561 -87.0969
562 -87.0973
563 -87.0976
564 -87.0979
565 -87.0983
566 -87.0986
567 -87.099
568 -87.0993
569 -87.0996
570 -87.1
571 -87.1003
572 -87.1006
573 -87.101
574 -87.1013
575 -87.1016
576 -87.102
577 -87.1023
578 -87.1026
579 -87.103
580 -87.1033
581 -87.1036
582 -87.104
583 -87.1043
584 -87.1046
585 -87.1049
586 -87.1053
587 -87.1056
588 -87.1059
589 -87.1063
590 -87.1066
591 -87.1069
592 -87.1072
593 -87.1076
594 -87.1079
595 -87.1082
596 -87.1085
597 -87.1088
598 -87.1092
599 -87.1095
600 -87.1098
601 -87.1101
602 -87.1105
603 -87.1108
604 -87.1111
605 -87.1114
606 -87.1117
607 -87.112
608 -87.1124
609 -87.1127
610 -87.113
611 -87.1133
612 -87.1136
613 -87.1139
614 -87.1143
615 -87.1146
616 -87.1149
617 -87.1152
618 -87.1155
619 -87.1158
620 -87.1161
621 -87.1165
622 -87.1168
623 -87.1171
624 -87.1174
625 -87.1177
626 -87.118
627 -87.1183
628 -87.1186
629 -87.1189
630 -87.1192
631 -87.1195
632 -87.1199
633 -87.1202
634 -87.1205
635 -87.1208
636 -87.1211
637 -87.1214
638 -87.1217
639 -87.122
640 -87.1223
641 -87.1226
642 -87.1229
643 -87.1232
644 -87.1235
645 -87.1238
646 -87.1241
647 -87.1244
648 -87.1247
649 -87.125
650 -87.1253
651 -87.1256
652 -87.1259
653 -87.1262
654 -87.1265
655 -87.1268
656 -87.1271
657 -87.1274
658 -87.1277
659 -87.128
660 -87.1283
661 -87.1286
662 -87.1289
663 -87.1292
664 -87.1294
665 -87.1297
666 -87.13
667 -87.1303
668 -87.1306
669 -87.1309
670 -87.1312
671 -87.1315
672 -87.1318
673 -87.1321
674 -87.1324
675 -87.1326
676 -87.1329
677 -87.1332
678 -87.1335
679 -87.1338
680 -87.1341
681 -87.1344
682 -87.1347
683 -87.1349
684 -87.1352
685 -87.1355
686 -87.1358
687 -87.1361
688 -87.1364
689 -87.1366
690 -87.1369
691 -87.1372
692 -87.1375
693 -87.1378
694 -87.1381
695 -87.1383
696 -87.1386
697 -87.1389
698 -87.1392
699 -87.1395
700 -87.1397
701 -87.14
702 -87.1403
703 -87.1406
704 -87.1408
705 -87.1411
706 -87.1414
707 -87.1417
708 -87.1419
709 -87.1422
710 -87.1425
711 -87.1428
712 -87.143
713 -87.1433
714 -87.1436
715 -87.1439
716 -87.1441
717 -87.1444
718 -87.1447
719 -87.1449
720 -87.1452
721 -87.1455
722 -87.1458
723 -87.146
724 -87.1463
725 -87.1466
726 -87.1468
727 -87.1471
728 -87.1474
729 -87.1476
730 -87.1479
731 -87.1482
732 -87.1484
733 -87.1487
734 -87.149
735 -87.1492
736 -87.1495
737 -87.1498
738 -87.15
739 -87.1503
740 -87.1506
741 -87.1508
742 -87.1511
743 -87.1513
744 -87.1516
745 -87.1519
746 -87.1521
747 -87.1524
748 -87.1527
749 -87.1529
750 -87.1532
751 -87.1534
752 -87.1537
753 -87.1539
754 -87.1542
755 -87.1545
756 -87.1547
757 -87.155
758 -87.1552
759 -87.1555
760 -87.1557
761 -87.156
762 -87.1563
763 -87.1565
764 -87.1568
765 -87.157
766 -87.1573
767 -87.1575
768 -87.1578
769 -87.158
770 -87.1583
771 -87.1585
772 -87.1588
773 -87.159
774 -87.1593
775 -87.1595
776 -87.1598
777 -87.16
778 -87.1603
779 -87.1605
780 -87.1608
781 -87.161
782 -87.1613
783 -87.1615
784 -87.1618
785 -87.162
786 -87.1623
787 -87.1625
788 -87.1628
789 -87.163
790 -87.1633
791 -87.1635
792 -87.1638
793 -87.164
794 -87.1642
795 -87.1645
796 -87.1647
797 -87.165
798 -87.1652
799 -87.1655
800 -87.1657
801 -87.1659
802 -87.1662
803 -87.1664
804 -87.1667
805 -87.1669
806 -87.1671
807 -87.1674
808 -87.1676
809 -87.1679
810 -87.1681
811 -87.1683
812 -87.1686
813 -87.1688
814 -87.169
815 -87.1693
816 -87.1695
817 -87.1698
818 -87.17
819 -87.1702
820 -87.1705
821 -87.1707
822 -87.1709
823 -87.1712
824 -87.1714
825 -87.1716
826 -87.1719
827 -87.1721
828 -87.1723
829 -87.1726
830 -87.1728
831 -87.173
832 -87.1733
833 -87.1735
834 -87.1737
835 -87.174
836 -87.1742
837 -87.1744
838 -87.1746
839 -87.1749
840 -87.1751
841 -87.1753
842 -87.1756
843 -87.1758
844 -87.176
845 -87.1762
846 -87.1765
847 -87.1767
848 -87.1769
849 -87.1772
850 -87.1774
851 -87.1776
852 -87.1778
853 -87.1781
854 -87.1783
855 -87.1785
856 -87.1787
857 -87.1789
858 -87.1792
859 -87.1794
860 -87.1796
861 -87.1798
862 -87.1801
863 -87.1803
864 -87.1805
865 -87.1807
866 -87.1809
867 -87.1812
868 -87.1814
869 -87.1816
870 -87.1818
871 -87.182
872 -87.1823
873 -87.1825
874 -87.1827
875 -87.1829
876 -87.1831
877 -87.1834
878 -87.1836
879 -87.1838
880 -87.184
881 -87.1842
882 -87.1844
883 -87.1847
884 -87.1849
885 -87.1851
886 -87.1853
887 -87.1855
888 -87.1857
889 -87.1859
890 -87.1862
891 -87.1864
892 -87.1866
893 -87.1868
894 -87.187
895 -87.1872
896 -87.1874
897 -87.1876
898 -87.1879
899 -87.1881
900 -87.1883
901 -87.1885
902 -87.1887
903 -87.1889
904 -87.1891
905 -87.1893
906 -87.1895
907 -87.1897
908 -87.19
909 -87.1902
910 -87.1904
911 -87.1906
912 -87.1908
913 -87.191
914 -87.1912
915 -87.1914
916 -87.1916
917 -87.1918
918 -87.192
919 -87.1922
920 -87.1924
921 -87.1926
922 -87.1928
923 -87.193
924 -87.1932
925 -87.1935
926 -87.1937
927 -87.1939
928 -87.1941
929 -87.1943
930 -87.1945
931 -87.1947
932 -87.1949
933 -87.1951
934 -87.1953
935 -87.1955
936 -87.1957
937 -87.1959
938 -87.1961
939 -87.1963
940 -87.1965
941 -87.1967
942 -87.1969
943 -87.1971
944 -87.1973
945 -87.1975
946 -87.1977
947 -87.1979
948 -87.1981
949 -87.1983
950 -87.1985
951 -87.1986
952 -87.1988
953 -87.199
954 -87.1992
955 -87.1994
956 -87.1996
957 -87.1998
958 -87.2
959 -87.2002
960 -87.2004
961 -87.2006
962 -87.2008
963 -87.201
964 -87.2012
965 -87.2014
966 -87.2016
967 -87.2018
968 -87.2019
969 -87.2021
970 -87.2023
971 -87.2025
972 -87.2027
973 -87.2029
974 -87.2031
975 -87.2033
976 -87.2035
977 -87.2037
978 -87.2039
979 -87.204
980 -87.2042
981 -87.2044
982 -87.2046
983 -87.2048
984 -87.205
985 -87.2052
986 -87.2054
987 -87.2055
988 -87.2057
989 -87.2059
990 -87.2061
991 -87.2063
992 -87.2065
993 -87.2067
994 -87.2068
995 -87.207
996 -87.2072
997 -87.2074
998 -87.2076
999 -87.2078
1000 -11.5094
1001 -11.5759
1002 -11.6307
1003 -11.6743
1004 -11.7076
1005 -11.7318
1006 -11.748
1007 -11.757
1008 -11.759
1009 -11.7538
1010 -11.7414
1011 -11.7217
1012 -11.695
1013 -11.6611
1014 -11.6203
1015 -11.5728
1016 -11.5188
1017 -11.4586
1018 -11.3925
1019 -11.3208
1020 -11.2439
1021 -11.1619
1022 -11.0753
1023 -10.9844
1024 -10.8894
1025 -10.7906
1026 -10.6884
1027 -10.583
1028 -10.4746
1029 -10.3636
1030 -10.2501
1031 -10.1344
1032 -10.0166
1033 -9.89704
1034 -9.77582
1035 -9.65314
1036 -9.52914
1037 -9.40399
1038 -9.27782
1039 -9.15075
1040 -9.02291
1041 -8.8944
1042 -8.76533
1043 -8.6358
1044 -8.50587
1045 -8.37564
1046 -8.24518
1047 -8.11455
1048 -7.98382
1049 -7.85304
1050 -7.72227
1051 -7.59154
1052 -7.46092
1053 -7.33044
1054 -7.20015
1055 -7.07008
1056 -6.94028
1057 -6.81079
1058 -6.68165
1059 -6.55291
1060 -6.42462
1061 -6.29682
1062 -6.16958
1063 -6.04292
1064 -5.91688
1065 -5.79149
1066 -5.66676
1067 -5.54272
1068 -5.41938
1069 -5.29674
1070 -5.17482
1071 -5.05362
1072 -4.93315
1073 -4.8134
1074 -4.69438
1075 -4.57608
1076 -4.45851
1077 -4.34167
1078 -4.22554
1079 -4.11014
1080 -3.99545
1081 -3.88147
1082 -3.7682
1083 -3.65563
1084 -3.54376
1085 -3.43258
1086 -3.32209
1087 -3.21228
1088 -3.10316
1089 -2.99471
1090 -2.88693
1091 -2.77982
1092 -2.67336
1093 -2.56757
1094 -2.46243
1095 -2.35794
1096 -2.25409
1097 -2.15088
1098 -2.04831
1099 -1.94637
1100 -1.84506
1101 -1.74438
1102 -1.64431
1103 -1.54487
1104 -1.44603
1105 -1.34781
1106 -1.25019
1107 -1.15318
1108 -1.05676
1109 -0.960939
1110 -0.865709
1111 -0.771068
1112 -0.677011
1113 -0.583537
1114 -0.490642
1115 -0.398323
1116 -0.306577
1117 -0.215401
1118 -0.124796
1119 -0.034745
1120 0.0547255
1121 0.143642
1122 0.232006
1123 0.319816
1124 0.407077
1125 0.493792
1126 0.579963
1127 0.665593
1128 0.750684
1129 0.83524
1130 0.919262
1131 1.00275
1132 1.08572
1133 1.16816
1134 1.25008
1135 1.33148
1136 1.41236
1137 1.49273
1138 1.57259
1139 1.65194
1140 1.73078
1141 1.80912
1142 1.88696
1143 1.96431
1144 2.04115
1145 2.11751
1146 2.19338
1147 2.26876
1148 2.34365
1149 2.41807
1150 2.492
1151 2.56545
1152 2.63843
1153 2.71093
1154 2.78295
1155 2.8545
1156 2.92558
1157 2.99618
1158 3.0663
1159 3.13595
1160 3.20511
1161 3.27378
1162 3.34196
1163 3.40964
1164 3.47682
1165 3.5435
1166 3.60966
1167 3.67529
1168 3.7404
1169 3.80498
1170 3.86901
1171 3.9325
1172 3.99542
1173 4.05778
1174 4.11957
1175 4.18077
1176 4.24138
1177 4.30138
1178 4.36078
1179 4.41956
1180 4.47773
1181 4.53527
1182 4.5922
1183 4.64851
1184 4.70422
1185 4.75934
1186 4.81388
1187 4.86789
1188 4.92138
1189 4.97442
1190 5.02703
1191 5.07928
1192 5.1312
1193 5.18283
1194 5.23418
1195 5.28526
1196 5.3361
1197 5.38668
1198 5.43703
1199 5.48713
1200 5.53698
1201 5.58659
1202 5.63593
1203 5.68501
1204 5.73382
1205 5.78234
1206 5.83057
1207 5.87851
1208 5.92614
1209 5.97347
1210 6.02048
1211 6.06718
1212 6.11355
1213 6.15959
1214 6.2053
1215 6.25068
1216 6.29572
1217 6.34041
1218 6.38476
1219 6.42875
1220 6.47239
1221 6.51567
1222 6.55859
1223 6.60115
1224 6.64335
1225 6.68518
1226 6.72666
1227 6.76777
1228 6.80853
1229 6.84894
1230 6.88898
1231 6.92868
1232 6.96803
1233 7.00703
1234 7.04568
1235 7.084
1236 7.12197
1237 7.15961
1238 7.19692
1239 7.23389
1240 7.27054
1241 7.30686
1242 7.34285
1243 7.37851
1244 7.41385
1245 7.44886
1246 7.48354
1247 7.5179
1248 7.55193
1249 7.58563
1250 7.61901
1251 7.65208
1252 7.68482
1253 7.71725
1254 7.74936
1255 7.78117
1256 7.81268
1257 7.84388
1258 7.87478
1259 7.90539
1260 7.93571
1261 7.96575
1262 7.9955
1263 8.02497
1264 8.05417
1265 8.08311
1266 8.11177
1267 8.14018
1268 8.16833
1269 8.19623
1270 8.22388
1271 8.25129
1272 8.27846
1273 8.30539
1274 8.3321
1275 8.35858
1276 8.38484
1277 8.41088
1278 8.43671
1279 8.46233
1280 8.48775
1281 8.51296
1282 8.53797
1283 8.56278
1284 8.5874
1285 8.61182
1286 8.63604
1287 8.66006
1288 8.6839
1289 8.70754
1290 8.73099
1291 8.75426
1292 8.77736
1293 8.80028
1294 8.82303
1295 8.84562
1296 8.86805
1297 8.89033
1298 8.91246
1299 8.93445
1300 8.95631
1301 8.97804
1302 8.99965
1303 9.02114
1304 9.04252
1305 9.06379
1306 9.08497
1307 9.10605
1308 9.12705
1309 9.14797
1310 9.16882
1311 9.1896
1312 9.21032
1313 9.23098
1314 9.25159
1315 9.27216
1316 9.2927
1317 9.31321
1318 9.33369
1319 9.35416
1320 9.37462
1321 9.39507
1322 9.41553
1323 9.43601
1324 9.4565
1325 9.47701
1326 9.49756
1327 9.51816
1328 9.5388
1329 9.55949
1330 9.58025
1331 9.60109
1332 9.622
1333 9.643
1334 9.66409
1335 9.68529
1336 9.70659
1337 9.72801
1338 9.74955
1339 9.77121
1340 9.793
1341 9.81492
1342 9.83697
1343 9.85915
1344 9.88147
1345 9.90393
1346 9.92654
1347 9.94931
1348 9.97224
1349 9.99534
1350 10.0186
1351 10.0421
1352 10.0658
1353 10.0896
1354 10.1137
1355 10.1381
1356 10.1626
1357 10.1874
1358 10.2124
1359 10.2377
1360 10.2633
1361 10.2892
1362 10.3153
1363 10.3417
1364 10.3684
1365 10.3955
1366 10.4228
1367 10.4505
1368 10.4785
1369 10.5068
1370 10.5355
1371 10.5646
1372 10.594
1373 10.6237
1374 10.6539
1375 10.6844
1376 10.7154
1377 10.7467
1378 10.7785
1379 10.8106
1380 10.8432
1381 10.8762
1382 10.9097
1383 10.9436
1384 10.9779
1385 11.0127
1386 11.048
1387 11.0837
1388 11.12
1389 11.1567
1390 11.1939
1391 11.2316
1392 11.2698
1393 11.3086
1394 11.3479
1395 11.3877
1396 11.4281
1397 11.469
1398 11.5104
1399 11.5525
1400 11.5951
1401 11.6383
1402 11.6822
1403 11.7266
1404 11.7716
1405 11.8173
1406 11.8636
1407 11.9106
1408 11.9582
1409 12.0065
1410 12.0555
1411 12.1052
1412 12.1556
1413 12.2067
1414 12.2586
1415 12.3113
1416 12.3647
1417 12.4189
1418 12.4739
1419 12.5297
1420 12.5863
1421 12.6438
1422 12.7021
1423 12.7612
1424 12.8212
1425 12.8822
1426 12.944
1427 13.0068
1428 13.0706
1429 13.1353
1430 13.201
1431 13.2677
1432 13.3355
1433 13.4044
1434 13.4743
1435 13.5454
1436 13.6175
1437 13.6908
1438 13.7653
1439 13.8409
1440 13.9177
1441 13.9957
1442 14.0748
1443 14.1551
1444 14.2366
1445 14.3192
1446 14.4029
1447 14.4877
1448 14.5735
1449 14.6602
1450 14.7479
1451 14.8363
1452 14.9254
1453 15.015
1454 15.105
1455 15.1951
1456 15.2853
1457 15.3751
1458 15.4644
1459 15.5528
1460 15.6399
1461 15.7253
1462 15.8085
1463 15.889
1464 15.9662
1465 16.0393
1466 16.1077
1467 16.1704
1468 16.2266
1469 16.2752
1470 16.3152
1471 16.3453
1472 16.3642
1473 16.3704
1474 16.3625
1475 16.3389
1476 16.2979
1477 16.2376
1478 16.1563
1479 16.0521
1480 15.9233
1481 15.7681
1482 15.5848
1483 15.3722
1484 15.1291
1485 14.8549
1486 14.5496
1487 14.2139
1488 13.8496
1489 13.4593
1490 13.047
1491 12.6175
1492 12.1781
1493 11.7342
1494 11.3012
1495 10.8748
1496 10.4972
1497 10.0884
1498 9.75794
1499 8.83078
1500 7.25961
1501 0.0382747
1502 -11.6278
1503 -33.2363
1504 -51.8627
1505 -65.3692
1506 -74.2169
1507 -79.5254
1508 -82.6915
1509 -84.5674
1510 -85.6782
1511 -86.3343
1512 -86.7213
1513 -86.9495
1514 -87.0839
1515 -87.1631
1516 -87.2098
1517 -87.2373
1518 -87.2536
1519 -87.2632
1520 -87.2688
1521 -87.2722
1522 -87.2743
1523 -87.2755
1524 -87.2762
1525 -87.2767
1526 -87.2771
1527 -87.2773
1528 -87.2775
1529 -87.2776
1530 -87.2777
1531 -87.2778
1532 -87.2779
1533 -87.278
1534 -87.2781
1535 -87.2782
1536 -87.2783
1537 -87.2784
1538 -87.2785
1539 -87.2786
1540 -87.2787
1541 -87.2788
1542 -87.2788
1543 -87.2789
1544 -87.279
1545 -87.2791
1546 -87.2792
1547 -87.2793
1548 -87.2794
1549 -87.2795
1550 -87.2796
1551 -87.2797
1552 -87.2797
1553 -87.2798
1554 -87.2799
1555 -87.28
1556 -87.2801
1557 -87.2802
1558 -87.2803
1559 -87.2804
1560 -87.2805
1561 -87.2805
1562 -87.2806
1563 -87.2807
1564 -87.2808
1565 -87.2809
1566 -87.281
1567 -87.2811
1568 -87.2812
1569 -87.2812
1570 -87.2813
1571 -87.2814
1572 -87.2815
1573 -87.2816
1574 -87.2817
1575 -87.2818
1576 -87.2818
1577 -87.2819
1578 -87.282
1579 -87.2821
1580 -87.2822
1581 -87.2823
1582 -87.2824
1583 -87.2824
1584 -87.2825
1585 -87.2826
1586 -87.2827
1587 -87.2828
1588 -87.2829
1589 -87.283
1590 -87.283
1591 -87.2831
1592 -87.2832
1593 -87.2833
1594 -87.2834
1595 -87.2835
1596 -87.2836
1597 -87.2836
1598 -87.2837
1599 -87.2838
1600 -87.2839
1601 -87.284
1602 -87.2841
1603 -87.2841
1604 -87.2842
1605 -87.2843
1606 -87.2844
1607 -87.2845
1608 -87.2846
1609 -87.2846
1610 -87.2847
1611 -87.2848
1612 -87.2849
1613 -87.285
1614 -87.285
1615 -87.2851
1616 -87.2852
1617 -87.2853
1618 -87.2854
1619 -87.2855
1620 -87.2855
1621 -87.2856
1622 -87.2857
1623 -87.2858
1624 -87.2859
1625 -87.2859
1626 -87.286
1627 -87.2861
1628 -87.2862
1629 -87.2863
1630 -87.2864
1631 -87.2864
1632 -87.2865
1633 -87.2866
1634 -87.2867
1635 -87.2868
1636 -87.2868
1637 -87.2869
1638 -87.287
1639 -87.2871
1640 -87.2872
1641 -87.2872
1642 -87.2873
1643 -87.2874
1644 -87.2875
1645 -87.2875
1646 -87.2876
1647 -87.2877
1648 -87.2878
1649 -87.2879
1650 -87.2879
1651 -87.288
1652 -87.2881
1653 -87.2882
1654 -87.2883
1655 -87.2883
1656 -87.2884
1657 -87.2885
1658 -87.2886
1659 -87.2886
1660 -87.2887
1661 -87.2888
1662 -87.2889
1663 -87.289
1664 -87.289
1665 -87.2891
1666 -87.2892
1667 -87.2893
1668 -87.2893
1669 -87.2894
1670 -87.2895
1671 -87.2896
1672 -87.2897
1673 -87.2897
1674 -87.2898
1675 -87.2899
1676 -87.29
1677 -87.29
1678 -87.2901
1679 -87.2902
1680 -87.2903
1681 -87.2903
1682 -87.2904
1683 -87.2905
1684 -87.2906
1685 -87.2906
1686 -87.2907
1687 -87.2908
1688 -87.2909
1689 -87.2909
1690 -87.291
1691 -87.2911
1692 -87.2912
1693 -87.2912
1694 -87.2913
1695 -87.2914
1696 -87.2915
1697 -87.2915
1698 -87.2916
1699 -87.2917
1700 -87.2918
1701 -87.2918
1702 -87.2919
1703 -87.292
1704 -87.2921
1705 -87.2921
1706 -87.2922
1707 -87.2923
1708 -87.2923
1709 -87.2924
1710 -87.2925
1711 -87.2926
1712 -87.2926
1713 -87.2927
1714 -87.2928
1715 -87.2929
1716 -87.2929
1717 -87.293
1718 -87.2931
1719 -87.2931
1720 -87.2932
1721 -87.2933
1722 -87.2934
1723 -87.2934
1724 -87.2935
1725 -87.2936
1726 -87.2936
1727 -87.2937
1728 -87.2938
1729 -87.2939
1730 -87.2939
1731 -87.294
1732 -87.2941
1733 -87.2941
1734 -87.2942
1735 -87.2943
1736 -87.2944
1737 -87.2944
1738 -87.2945
1739 -87.2946
1740 -87.2946
1741 -87.2947
1742 -87.2948
1743 -87.2949
1744 -87.2949
1745 -87.295
1746 -87.2951
1747 -87.2951
1748 -87.2952
1749 -87.2953
1750 -87.2953
1751 -87.2954
1752 -87.2955
1753 -87.2956
1754 -87.2956
1755 -87.2957
1756 -87.2958
1757 -87.2958
1758 -87.2959
1759 -87.296
1760 -87.296
1761 -87.2961
1762 -87.2962
1763 -87.2962
1764 -87.2963
1765 -87.2964
1766 -87.2964
1767 -87.2965
1768 -87.2966
1769 -87.2967
1770 -87.2967
1771 -87.2968
1772 -87.2969
1773 -87.2969
1774 -87.297
1775 -87.2971
1776 -87.2971
1777 -87.2972
1778 -87.2973
1779 -87.2973
1780 -87.2974
1781 -87.2975
1782 -87.2975
1783 -87.2976
1784 -87.2977
1785 -87.2977
1786 -87.2978
1787 -87.2979
1788 -87.2979
1789 -87.298
1790 -87.2981
1791 -87.2981
1792 -87.2982
1793 -87.2983
1794 -87.2983
1795 -87.2984
1796 -87.2985
1797 -87.2985
1798 -87.2986
1799 -87.2987
1800 -87.2987
1801 -87.2988
1802 -87.2988
1803 -87.2989
1804 -87.299
1805 -87.299
1806 -87.2991
1807 -87.2992
1808 -87.2992
1809 -87.2993
1810 -87.2994
1811 -87.2994
1812 -87.2995
1813 -87.2996
1814 -87.2996
1815 -87.2997
1816 -87.2998
1817 -87.2998
1818 -87.2999
1819 -87.2999
1820 -87.3
1821 -87.3001
1822 -87.3001
1823 -87.3002
1824 -87.3003
1825 -87.3003
1826 -87.3004
1827 -87.3005
1828 -87.3005
1829 -87.3006
1830 -87.3006
1831 -87.3007
1832 -87.3008
1833 -87.3008
1834 -87.3009
1835 -87.301
1836 -87.301
1837 -87.3011
1838 -87.3012
1839 -87.3012
1840 -87.3013
1841 -87.3013
1842 -87.3014
1843 -87.3015
1844 -87.3015
1845 -87.3016
1846 -87.3017
1847 -87.3017
1848 -87.3018
1849 -87.3018
1850 -87.3019
1851 -87.302
1852 -87.302
1853 -87.3021
1854 -87.3021
1855 -87.3022
1856 -87.3023
1857 -87.3023
1858 -87.3024
1859 -87.3025
1860 -87.3025
1861 -87.3026
1862 -87.3026
1863 -87.3027
1864 -87.3028
1865 -87.3028
1866 -87.3029
1867 -87.3029
1868 -87.303
1869 -87.3031
1870 -87.3031
1871 -87.3032
1872 -87.3032
1873 -87.3033
1874 -87.3034
1875 -87.3034
1876 -87.3035
1877 -87.3035
1878 -87.3036
1879 -87.3037
1880 -87.3037
1881 -87.3038
1882 -87.3038
1883 -87.3039
1884 -87.304
1885 -87.304
1886 -87.3041
1887 -87.3041
1888 -87.3042
1889 -87.3043
1890 -87.3043
1891 -87.3044
1892 -87.3044
1893 -87.3045
1894 -87.3045
1895 -87.3046
1896 -87.3047
1897 -87.3047
1898 -87.3048
1899 -87.3048
1900 -87.3049
1901 -87.305
1902 -87.305
1903 -87.3051
1904 -87.3051
1905 -87.3052
1906 -87.3052
1907 -87.3053
1908 -87.3054
1909 -87.3054
1910 -87.3055
1911 -87.3055
1912 -87.3056
1913 -87.3056
1914 -87.3057
1915 -87.3058
1916 -87.3058
1917 -87.3059
1918 -87.3059
1919 -87.306
1920 -87.306
1921 -87.3061
1922 -87.3062
1923 -87.3062
1924 -87.3063
1925 -87.3063
1926 -87.3064
1927 -87.3064
1928 -87.3065
1929 -87.3066
1930 -87.3066
1931 -87.3067
1932 -87.3067
1933 -87.3068
1934 -87.3068
1935 -87.3069
1936 -87.3069
1937 -87.307
1938 -87.3071
1939 -87.3071
1940 -87.3072
1941 -87.3072
1942 -87.3073
1943 -87.3073
1944 -87.3074
1945 -87.3074
1946 -87.3075
1947 -87.3076
1948 -87.3076
1949 -87.3077
1950 -87.3077
1951 -87.3078
1952 -87.3078
1953 -87.3079
1954 -87.3079
1955 -87.308
1956 -87.308
1957 -87.3081
1958 -87.3082
1959 -87.3082
1960 -87.3083
1961 -87.3083
1962 -87.3084
1963 -87.3084
1964 -87.3085
1965 -87.3085
1966 -87.3086
1967 -87.3086
1968 -87.3087
1969 -87.3088
1970 -87.3088
1971 -87.3089
1972 -87.3089
1973 -87.309
1974 -87.309
1975 -87.3091
1976 -87.3091
1977 -87.3092
1978 -87.3092
1979 -87.3093
1980 -87.3093
1981 -87.3094
1982 -87.3094
1983 -87.3095
1984 -87.3096
1985 -87.3096
1986 -87.3097
1987 -87.3097
1988 -87.3098
1989 -87.3098
1990 -87.3099
1991 -87.3099
1992 -87.31
1993 -87.31
1994 -87.3101
1995 -87.3101
1996 -87.3102
1997 -87.3102
1998 -87.3103
1999 -87.3103
2000 -84.7521
2001 -84.7579
2002 -84.7646
2003 -84.7719
2004 -84.7798
2005 -84.7878
2006 -84.7958
2007 -84.8033
2008 -84.8101
2009 -84.8161
2010 -84.821
2011 -84.8248
2012 -84.8275
2013 -84.829
2014 -84.8293
2015 -84.8286
2016 -84.8269
2017 -84.8242
2018 -84.8206
2019 -84.8162
2020 -84.8111
2021 -84.8052
2022 -84.7988
2023 -84.7917
2024 -84.7841
2025 -84.7761
2026 -84.7675
2027 -84.7586
2028 -84.7493
2029 -84.7396
2030 -84.7296
2031 -84.7193
2032 -84.7086
2033 -84.6977
2034 -84.6865
2035 -84.6751
2036 -84.6634
2037 -84.6514
2038 -84.6392
2039 -84.6268
2040 -84.6141
2041 -84.6012
2042 -84.588
2043 -84.5746
2044 -84.561
2045 -84.5472
2046 -84.5331
2047 -84.5187
2048 -84.5041
2049 -84.4893
2050 -84.4743
2051 -84.4589
2052 -84.4433
2053 -84.4275
2054 -84.4114
2055 -84.395
2056 -84.3783
2057 -84.3614
2058 -84.3441
2059 -84.3266
2060 -84.3088
2061 -84.2907
2062 -84.2723
2063 -84.2537
2064 -84.2348
2065 -84.2156
2066 -84.1961
2067 -84.1763
2068 -84.1562
2069 -84.1358
2070 -84.115
2071 -84.094
2072 -84.0725
2073 -84.0507
2074 -84.0286
2075 -84.0061
2076 -83.9832
2077 -83.9598
2078 -83.9361
2079 -83.912
2080 -83.8874
2081 -83.8624
2082 -83.8369
2083 -83.8109
2084 -83.7844
2085 -83.7575
2086 -83.73
2087 -83.702
2088 -83.6735
2089 -83.6444
2090 -83.6148
2091 -83.5845
2092 -83.5537
2093 -83.5222
2094 -83.4901
2095 -83.4573
2096 -83.4239
2097 -83.3897
2098 -83.3549
2099 -83.3193
2100 -83.283
2101 -83.2459
2102 -83.208
2103 -83.1693
2104 -83.1297
2105 -83.0893
2106 -83.0481
2107 -83.0059
2108 -82.9628
2109 -82.9187
2110 -82.8736
2111 -82.8276
2112 -82.7805
2113 -82.7324
2114 -82.6832
2115 -82.6328
2116 -82.5814
2117 -82.5287
2118 -82.4749
2119 -82.4198
2120 -82.3635
2121 -82.3059
2122 -82.247
2123 -82.1867
2124 -82.1251
2125 -82.062
2126 -81.9975
2127 -81.9315
2128 -81.864
2129 -81.795
2130 -81.7243
2131 -81.6521
2132 -81.5782
2133 -81.5026
2134 -81.4253
2135 -81.3462
2136 -81.2653
2137 -81.1826
2138 -81.0981
2139 -81.0116
2140 -80.9232
2141 -80.8329
2142 -80.7405
2143 -80.6461
2144 -80.5496
2145 -80.451
2146 -80.3502
2147 -80.2473
2148 -80.1421
2149 -80.0347
2150 -79.9251
2151 -79.8131
2152 -79.6988
2153 -79.5821
2154 -79.463
2155 -79.3415
2156 -79.2175
2157 -79.0911
2158 -78.9622
2159 -78.8307
2160 -78.6967
2161 -78.5601
2162 -78.421
2163 -78.2793
2164 -78.1349
2165 -77.988
2166 -77.8384
2167 -77.6862
2168 -77.5314
2169 -77.374
2170 -77.2139
2171 -77.0511
2172 -76.8858
2173 -76.7178
2174 -76.5472
2175 -76.374
2176 -76.1982
2177 -76.0198
2178 -75.8389
2179 -75.6555
2180 -75.4696
2181 -75.2812
2182 -75.0903
2183 -74.8971
2184 -74.7014
2185 -74.5034
2186 -74.3031
2187 -74.1004
2188 -73.8955
2189 -73.6884
2190 -73.4791
2191 -73.2676
2192 -73.0539
2193 -72.8382
2194 -72.6203
2195 -72.4005
2196 -72.1787
2197 -71.955
2198 -71.7295
2199 -71.5022
2200 -71.2732
2201 -71.0425
2202 -70.8102
2203 -70.5763
2204 -70.341
2205 -70.1044
2206 -69.8663
2207 -69.627
2208 -69.3865
2209 -69.1449
2210 -68.9021
2211 -68.6584
2212 -68.4137
2213 -68.1682
2214 -67.9218
2215 -67.6747
2216 -67.4269
2217 -67.1784
2218 -66.9294
2219 -66.6798
2220 -66.4298
2221 -66.1794
2222 -65.9287
2223 -65.6777
2224 -65.4264
2225 -65.1749
2226 -64.9233
2227 -64.6716
2228 -64.4199
2229 -64.1681
2230 -63.9164
2231 -63.6648
2232 -63.4132
2233 -63.1619
2234 -62.9107
2235 -62.6597
2236 -62.409
2237 -62.1585
2238 -61.9084
2239 -61.6586
2240 -61.4091
2241 -61.1601
2242 -60.9114
2243 -60.6632
2244 -60.4155
2245 -60.1682
2246 -59.9214
2247 -59.6751
2248 -59.4294
2249 -59.1841
2250 -58.9395
2251 -58.6954
2252 -58.4518
2253 -58.2089
2254 -57.9665
2255 -57.7248
2256 -57.4836
2257 -57.243
2258 -57.0031
2259 -56.7638
2260 -56.5251
2261 -56.287
2262 -56.0495
2263 -55.8127
2264 -55.5765
2265 -55.3409
2266 -55.106
2267 -54.8716
2268 -54.6379
2269 -54.4048
2270 -54.1724
2271 -53.9405
2272 -53.7092
2273 -53.4786
2274 -53.2485
2275 -53.0191
2276 -52.7902
2277 -52.562
2278 -52.3343
2279 -52.1072
2280 -51.8806
2281 -51.6547
2282 -51.4292
2283 -51.2044
2284 -50.9801
2285 -50.7563
2286 -50.5331
2287 -50.3105
2288 -50.0883
2289 -49.8667
2290 -49.6456
2291 -49.425
2292 -49.2049
2293 -48.9853
2294 -48.7662
2295 -48.5476
2296 -48.3295
2297 -48.1119
2298 -47.8947
2299 -47.678
2300 -47.4617
2301 -47.2459
2302 -47.0306
2303 -46.8157
2304 -46.6012
2305 -46.3871
2306 -46.1735
2307 -45.9603
2308 -45.7475
2309 -45.5351
2310 -45.3231
2311 -45.1116
2312 -44.9004
2313 -44.6896
2314 -44.4792
2315 -44.2692
2316 -44.0596
2317 -43.8503
2318 -43.6415
2319 -43.433
2320 -43.2248
2321 -43.0171
2322 -42.8097
2323 -42.6027
2324 -42.396
2325 -42.1897
2326 -41.9838
2327 -41.7782
2328 -41.5729
2329 -41.3681
2330 -41.1635
2331 -40.9594
2332 -40.7555
2333 -40.5521
2334 -40.349
2335 -40.1462
2336 -39.9438
2337 -39.7417
2338 -39.54
2339 -39.3386
2340 -39.1376
2341 -38.937
2342 -38.7367
2343 -38.5367
2344 -38.3372
2345 -38.138
2346 -37.9391
2347 -37.7407
2348 -37.5425
2349 -37.3448
2350 -37.1475
2351 -36.9505
2352 -36.7539
2353 -36.5577
2354 -36.3618
2355 -36.1664
2356 -35.9714
2357 -35.7767
2358 -35.5825
2359 -35.3886
2360 -35.1952
2361 -35.0022
2362 -34.8096
2363 -34.6174
2364 -34.4256
2365 -34.2343
2366 -34.0434
2367 -33.8529
2368 -33.6629
2369 -33.4734
2370 -33.2843
2371 -33.0956
2372 -32.9074
2373 -32.7197
2374 -32.5325
2375 -32.3457
2376 -32.1594
2377 -31.9736
2378 -31.7883
2379 -31.6035
2380 -31.4192
2381 -31.2354
2382 -31.0521
2383 -30.8692
2384 -30.687
2385 -30.5052
2386 -30.3239
2387 -30.1432
2388 -29.9629
2389 -29.7832
2390 -29.6041
2391 -29.4254
2392 -29.2473
2393 -29.0697
2394 -28.8926
2395 -28.7161
2396 -28.5401
2397 -28.3646
2398 -28.1897
2399 -28.0153
2400 -27.8414
2401 -27.668
2402 -27.4952
2403 -27.3229
2404 -27.1511
2405 -26.9798
2406 -26.809
2407 -26.6388
2408 -26.4691
2409 -26.2998
2410 -26.1311
2411 -25.9629
2412 -25.7952
2413 -25.628
2414 -25.4612
2415 -25.295
2416 -25.1292
2417 -24.964
2418 -24.7992
2419 -24.6349
2420 -24.471
2421 -24.3077
2422 -24.1448
2423 -23.9823
2424 -23.8204
2425 -23.6588
2426 -23.4978
2427 -23.3372
2428 -23.177
2429 -23.0173
2430 -22.858
2431 -22.6991
2432 -22.5407
2433 -22.3827
2434 -22.2252
2435 -22.068
2436 -21.9113
2437 -21.755
2438 -21.5992
2439 -21.4437
2440 -21.2887
2441 -21.1341
2442 -20.9798
2443 -20.826
2444 -20.6726
2445 -20.5196
2446 -20.367
2447 -20.2149
2448 -20.0631
2449 -19.9117
2450 -19.7607
2451 -19.6101
2452 -19.4599
2453 -19.3102
2454 -19.1608
2455 -19.0118
2456 -18.8632
2457 -18.7151
2458 -18.5673
2459 -18.4199
2460 -18.273
2461 -18.1264
2462 -17.9803
2463 -17.8345
2464 -17.6892
2465 -17.5442
2466 -17.3997
2467 -17.2556
2468 -17.1119
2469 -16.9686
2470 -16.8258
2471 -16.6833
2472 -16.5413
2473 -16.3997
2474 -16.2585
2475 -16.1177
2476 -15.9774
2477 -15.8375
2478 -15.698
2479 -15.559
2480 -15.4203
2481 -15.2822
2482 -15.1444
2483 -15.0071
2484 -14.8702
2485 -14.7338
2486 -14.5978
2487 -14.4623
2488 -14.3272
2489 -14.1925
2490 -14.0583
2491 -13.9246
2492 -13.7913
2493 -13.6584
2494 -13.5261
2495 -13.3941
2496 -13.2627
2497 -13.1317
2498 -13.0011
2499 -12.8711
2500 -12.7415
2501 -12.6123
2502 -12.4837
2503 -12.3555
2504 -12.2277
2505 -12.1005
2506 -11.9737
2507 -11.8474
2508 -11.7216
2509 -11.5962
2510 -11.4713
2511 -11.3469
2512 -11.223
2513 -11.0996
2514 -10.9766
2515 -10.8542
2516 -10.7322
2517 -10.6107
2518 -10.4897
2519 -10.3691
2520 -10.2491
2521 -10.1295
2522 -10.0105
2523 -9.89188
2524 -9.77379
2525 -9.65619
2526 -9.53908
2527 -9.42246
2528 -9.30633
2529 -9.1907
2530 -9.07555
2531 -8.96089
2532 -8.84673
2533 -8.73305
2534 -8.61987
2535 -8.50718
2536 -8.39499
2537 -8.28328
2538 -8.17207
2539 -8.06135
2540 -7.95112
2541 -7.84138
2542 -7.73214
2543 -7.62339
2544 -7.51513
2545 -7.40736
2546 -7.30008
2547 -7.19329
2548 -7.08699
2549 -6.98119
2550 -6.87587
2551 -6.77105
2552 -6.66671
2553 -6.56286
2554 -6.4595
2555 -6.35663
2556 -6.25425
2557 -6.15236
2558 -6.05095
2559 -5.95003
2560 -5.8496
2561 -5.74966
2562 -5.65019
2563 -5.55122
2564 -5.45273
2565 -5.35472
2566 -5.2572
2567 -5.16016
2568 -5.0636
2569 -4.96753
2570 -4.87193
2571 -4.77682
2572 -4.68219
2573 -4.58804
2574 -4.49437
2575 -4.40118
2576 -4.30846
2577 -4.21623
2578 -4.12447
2579 -4.03319
2580 -3.94239
2581 -3.85206
2582 -3.76221
2583 -3.67284
2584 -3.58394
2585 -3.49551
2586 -3.40756
2587 -3.32008
2588 -3.23308
2589 -3.14654
2590 -3.06048
2591 -2.97489
2592 -2.88977
2593 -2.80512
2594 -2.72093
2595 -2.63721
2596 -2.55395
2597 -2.47115
2598 -2.38881
2599 -2.30693
2600 -2.22551
2601 -2.14454
2602 -2.06403
2603 -1.98396
2604 -1.90435
2605 -1.82518
2606 -1.74646
2607 -1.66818
2608 -1.59034
2609 -1.51295
2610 -1.43599
2611 -1.35947
2612 -1.28338
2613 -1.20773
2614 -1.13251
2615 -1.05772
2616 -0.983357
2617 -0.909423
2618 -0.835916
2619 -0.762834
2620 -0.690174
2621 -0.617935
2622 -0.546117
2623 -0.474716
2624 -0.403731
2625 -0.333159
2626 -0.262999
2627 -0.193248
2628 -0.123908
2629 -0.054976
2630 0.0135487
2631 0.0816676
2632 0.149382
2633 0.216694
2634 0.283606
2635 0.350117
2636 0.41623
2637 0.481946
2638 0.547268
2639 0.612195
2640 0.67673
2641 0.740875
2642 0.804629
2643 0.867996
2644 0.930976
2645 0.99357
2646 1.05578
2647 1.11761
2648 1.17906
2649 1.24012
2650 1.30081
2651 1.36112
2652 1.42106
2653 1.48062
2654 1.53981
2655 1.59862
2656 1.65707
2657 1.71514
2658 1.77285
2659 1.83019
2660 1.88717
2661 1.94378
2662 2.00003
2663 2.05592
2664 2.11145
2665 2.16662
2666 2.22143
2667 2.27589
2668 2.32999
2669 2.38374
2670 2.43713
2671 2.49018
2672 2.54287
2673 2.59522
2674 2.64722
2675 2.69887
2676 2.75018
2677 2.80115
2678 2.85177
2679 2.90206
2680 2.952
2681 3.00161
2682 3.05088
2683 3.09982
2684 3.14842
2685 3.19669
2686 3.24463
2687 3.29223
2688 3.33951
2689 3.38647
2690 3.43309
2691 3.4794
2692 3.52538
2693 3.57104
2694 3.61637
2695 3.66139
2696 3.7061
2697 3.75048
2698 3.79456
2699 3.83832
2700 3.88176
2701 3.9249
2702 3.96773
2703 4.01026
2704 4.05248
2705 4.09439
2706 4.136
2707 4.17731
2708 4.21833
2709 4.25904
2710 4.29946
2711 4.33959
2712 4.37942
2713 4.41897
2714 4.45822
2715 4.49719
2716 4.53587
2717 4.57427
2718 4.61238
2719 4.65022
2720 4.68778
2721 4.72506
2722 4.76207
2723 4.7988
2724 4.83527
2725 4.87146
2726 4.90739
2727 4.94306
2728 4.97846
2729 5.0136
2730 5.04849
2731 5.08311
2732 5.11749
2733 5.15161
2734 5.18549
2735 5.21911
2736 5.2525
2737 5.28564
2738 5.31854
2739 5.3512
2740 5.38363
2741 5.41583
2742 5.44779
2743 5.47953
2744 5.51105
2745 5.54234
2746 5.57342
2747 5.60428
2748 5.63492
2749 5.66536
2750 5.69558
2751 5.72561
2752 5.75543
2753 5.78505
2754 5.81448
2755 5.84372
2756 5.87276
2757 5.90163
2758 5.93031
2759 5.95881
2760 5.98714
2761 6.01529
2762 6.04328
2763 6.0711
2764 6.09877
2765 6.12627
2766 6.15363
2767 6.18083
2768 6.2079
2769 6.23482
2770 6.2616
2771 6.28825
2772 6.31477
2773 6.34117
2774 6.36746
2775 6.39362
2776 6.41968
2777 6.44563
2778 6.47148
2779 6.49724
2780 6.5229
2781 6.54848
2782 6.57398
2783 6.5994
2784 6.62475
2785 6.65004
2786 6.67526
2787 6.70044
2788 6.72556
2789 6.75064
2790 6.77569
2791 6.8007
2792 6.82568
2793 6.85065
2794 6.8756
2795 6.90054
2796 6.92548
2797 6.95042
2798 6.97538
2799 7.00034
2800 7.02533
2801 7.05035
2802 7.0754
2803 7.10048
2804 7.12561
2805 7.15079
2806 7.17602
2807 7.20131
2808 7.22667
2809 7.25208
2810 7.27757
2811 7.30313
2812 7.32877
2813 7.35448
2814 7.38027
2815 7.40613
2816 7.43207
2817 7.45809
2818 7.48417
2819 7.51032
2820 7.53653
2821 7.56279
2822 7.5891
2823 7.61546
2824 7.64185
2825 7.66826
2826 7.6947
2827 7.72116
2828 7.74763
2829 7.77413
2830 7.80065
2831 7.82723
2832 7.85389
2833 7.88066
2834 7.9076
2835 7.93479
2836 7.9623
2837 7.99025
2838 8.0187
2839 8.04772
2840 8.07733
2841 8.10756
2842 8.13841
2843 8.16989
2844 8.20198
2845 8.23468
2846 8.26798
2847 8.30184
2848 8.33627
2849 8.37123
2850 8.40672
2851 8.44271
2852 8.4792
2853 8.51617
2854 8.5536
2855 8.59149
2856 8.62984
2857 8.66863
2858 8.70785
2859 8.74751
2860 8.78761
2861 8.82814
2862 8.8691
2863 8.91051
2864 8.95236
2865 8.99464
2866 9.03736
2867 9.08052
2868 9.12412
2869 9.16817
2870 9.21267
2871 9.25763
2872 9.30306
2873 9.34896
2874 9.39533
2875 9.4422
2876 9.48956
2877 9.53742
2878 9.58579
2879 9.63468
2880 9.68409
2881 9.73402
2882 9.78449
2883 9.8355
2884 9.88704
2885 9.93914
2886 9.99179
2887 10.045
2888 10.0987
2889 10.1531
2890 10.2079
2891 10.2634
2892 10.3194
2893 10.376
2894 10.4332
2895 10.4909
2896 10.5492
2897 10.6081
2898 10.6675
2899 10.7276
2900 10.7882
2901 10.8494
2902 10.9112
2903 10.9736
2904 11.0366
2905 11.1001
2906 11.1643
2907 11.229
2908 11.2943
2909 11.3603
2910 11.4268
2911 11.4939
2912 11.5617
2913 11.63
2914 11.699
2915 11.7686
2916 11.8388
2917 11.9097
2918 11.9812
2919 12.0534
2920 12.1262
2921 12.1996
2922 12.2738
2923 12.3486
2924 12.4241
2925 12.5003
2926 12.5772
2927 12.6549
2928 12.7333
2929 12.8124
2930 12.8923
