0 -78.7963
1 -70.9718
2 -63.8275
3 -59.5985
4 -61.5126
5 -69.56
6 -76.6368
7 -80.9916
8 -83.4952
9 -84.9261
10 -85.742
11 -86.2052
12 -86.4677
13 -86.6162
14 -86.7003
15 -86.748
16 -86.7752
17 -86.7908
18 -86.7999
19 -86.8054
20 -86.8088
21 -86.8111
22 -86.8127
23 -86.8139
24 -86.815
25 -86.8159
26 -86.8168
27 -86.8176
28 -86.8184
29 -86.8192
30 -86.82
31 -86.8207
32 -86.8215
33 -86.8223
34 -86.823
35 -86.8238
36 -86.8246
37 -86.8253
38 -86.8261
39 -86.8269
40 -86.8276
41 -86.8284
42 -86.8291
43 -86.8299
44 -86.8306
45 -86.8314
46 -86.8321
47 -86.8329
48 -86.8336
49 -86.8344
50 -86.8351
51 -86.8359
52 -86.8366
53 -86.8374
54 -86.8381
55 -86.8389
56 -86.8396
57 -86.8403
58 -86.8411
59 -86.8418
60 -86.8425
61 -86.8433
62 -86.844
63 -86.8447
64 -86.8455
65 -86.8462
66 -86.8469
67 -86.8476
68 -86.8484
69 -86.8491
70 -86.8498
71 -86.8505
72 -86.8513
73 -86.852
74 -86.8527
75 -86.8534
76 -86.8541
77 -86.8548
78 -86.8555
79 -86.8563
80 -86.857
81 -86.8577
82 -86.8584
83 -86.8591
84 -86.8598
85 -86.8605
86 -86.8612
87 -86.8619
88 -86.8626
89 -86.8633
90 -86.864
91 -86.8647
92 -86.8654
93 -86.8661
94 -86.8668
95 -86.8675
96 -86.8682
97 -86.8689
98 -86.8696
99 -86.8703
100 -86.8709
101 -86.8716
102 -86.8723
103 -86.873
104 -86.8737
105 -86.8744
106 -86.8751
107 -86.8757
108 -86.8764
109 -86.8771
110 -86.8778
111 -86.8784
112 -86.8791
113 -86.8798
114 -86.8805
115 -86.8811
116 -86.8818
117 -86.8825
118 -86.8831
119 -86.8838
120 -86.8845
121 -86.8851
122 -86.8858
123 -86.8865
124 -86.8871
125 -86.8878
126 -86.8884
127 -86.8891
128 -86.8898
129 -86.8904
130 -86.8911
131 -86.8917
132 -86.8924
133 -86.893
134 -86.8937
135 -86.8943
136 -86.895
137 -86.8956
138 -86.8963
139 -86.8969
140 -86.8976
141 -86.8982
142 -86.8989
143 -86.8995
144 -86.9001
145 -86.9008
146 -86.9014
147 -86.9021
148 -86.9027
149 -86.9033
150 -86.904
151 -86.9046
152 -86.9052
153 -86.9059
154 -86.9065
155 -86.9071
156 -86.9078
157 -86.9084
158 -86.909
159 -86.9096
160 -86.9103
161 -86.9109
162 -86.9115
163 -86.9121
164 -86.9128
165 -86.9134
166 -86.914
167 -86.9146
168 -86.9152
169 -86.9158
170 -86.9165
171 -86.9171
172 -86.9177
173 -86.9183
174 -86.9189
175 -86.9195
176 -86.9201
177 -86.9207
178 -86.9213
179 -86.9219
180 -86.9226
181 -86.9232
182 -86.9238
183 -86.9244
184 -86.925
185 -86.9256
186 -86.9262
187 -86.9268
188 -86.9274
189 -86.928
190 -86.9286
191 -86.9291
192 -86.9297
193 -86.9303
194 -86.9309
195 -86.9315
196 -86.9321
197 -86.9327
198 -86.9333
199 -86.9339
200 -86.9345
201 -86.935
202 -86.9356
203 -86.9362
204 -86.9368
205 -86.9374
206 -86.938
207 -86.9385
208 -86.9391
209 -86.9397
210 -86.9403
211 -86.9408
212 -86.9414
213 -86.942
214 -86.9426
215 -86.9431
216 -86.9437
217 -86.9443
218 -86.9449
219 -86.9454
220 -86.946
221 -86.9466
222 -86.9471
223 -86.9477
224 -86.9483
225 -86.9488
226 -86.9494
227 -86.9499
228 -86.9505
229 -86.9511
230 -86.9516
231 -86.9522
232 -86.9527
233 -86.9533
234 -86.9539
235 -86.9544
236 -86.955
237 -86.9555
238 -86.9561
239 -86.9566
240 -86.9572
241 -86.9577
242 -86.9583
243 -86.9588
244 -86.9594
245 -86.9599
246 -86.9605
247 -86.961
248 -86.9615
249 -86.9621
250 -86.9626
251 -86.9632
252 -86.9637
253 -86.9643
254 -86.9648
255 -86.9653
256 -86.9659
257 -86.9664
258 -86.9669
259 -86.9675
260 -86.968
261 -86.9685
262 -86.9691
263 -86.9696
264 -86.9701
265 -86.9707
266 -86.9712
267 -86.9717
268 -86.9723
269 -86.9728
270 -86.9733
271 -86.9738
272 -86.9744
273 -86.9749
274 -86.9754
275 -86.9759
276 -86.9764
277 -86.977
278 -86.9775
279 -86.978
280 -86.9785
281 -86.979
282 -86.9795
283 -86.9801
284 -86.9806
285 -86.9811
286 -86.9816
287 -86.9821
288 -86.9826
289 -86.9831
290 -86.9836
291 -86.9842
292 -86.9847
293 -86.9852
294 -86.9857
295 -86.9862
296 -86.9867
297 -86.9872
298 -86.9877
299 -86.9882
300 -86.9887
301 -86.9892
302 -86.9897
303 -86.9902
304 -86.9907
305 -86.9912
306 -86.9917
307 -86.9922
308 -86.9927
309 -86.9932
310 -86.9937
311 -86.9942
312 -86.9947
313 -86.9952
314 -86.9956
315 -86.9961
316 -86.9966
317 -86.9971
318 -86.9976
319 -86.9981
320 -86.9986
321 -86.9991
322 -86.9995
323 -87
324 -87.0005
325 -87.001
326 -87.0015
327 -87.002
328 -87.0024
329 -87.0029
330 -87.0034
331 -87.0039
332 -87.0044
333 -87.0048
334 -87.0053
335 -87.0058
336 -87.0063
337 -87.0067
338 -87.0072
339 -87.0077
340 -87.0082
341 -87.0086
342 -87.0091
343 -87.0096
344 -87.01
345 -87.0105
346 -87.011
347 -87.0114
348 -87.0119
349 -87.0124
350 -87.0128
351 -87.0133
352 -87.0138
353 -87.0142
354 -87.0147
355 -87.0152
356 -87.0156
357 -87.0161
358 -87.0165
359 -87.017
360 -87.0175
361 -87.0179
362 -87.0184
363 -87.0188
364 -87.0193
365 -87.0197
366 -87.0202
367 -87.0206
368 -87.0211
369 -87.0215
370 -87.022
371 -87.0224
372 -87.0229
373 -87.0233
374 -87.0238
375 -87.0242
376 -87.0247
377 -87.0251
378 -87.0256
379 -87.026
380 -87.0265
381 -87.0269
382 -87.0274
383 -87.0278
384 -87.0282
385 -87.0287
386 -87.0291
387 -87.0296
388 -87.03
389 -87.0304
390 -87.0309
391 -87.0313
392 -87.0317
393 -87.0322
394 -87.0326
395 -87.0331
396 -87.0335
397 -87.0339
398 -87.0344
399 -87.0348
400 -87.0352
401 -87.0356
402 -87.0361
403 -87.0365
404 -87.0369
405 -87.0374
406 -87.0378
407 -87.0382
408 -87.0386
409 -87.0391
410 -87.0395
411 -87.0399
412 -87.0403
413 -87.0408
414 -87.0412
415 -87.0416
416 -87.042
417 -87.0424
418 -87.0429
419 -87.0433
420 -87.0437
421 -87.0441
422 -87.0445
423 -87.045
424 -87.0454
425 -87.0458
426 -87.0462
427 -87.0466
428 -87.047
429 -87.0474
430 -87.0479
431 -87.0483
432 -87.0487
433 -87.0491
434 -87.0495
435 -87.0499
436 -87.0503
437 -87.0507
438 -87.0511
439 -87.0515
440 -87.0519
441 -87.0524
442 -87.0528
443 -87.0532
444 -87.0536
445 -87.054
446 -87.0544
447 -87.0548
448 -87.0552
449 -87.0556
450 -87.056
451 -87.0564
452 -87.0568
453 -87.0572
454 -87.0576
455 -87.058
456 -87.0584
457 -87.0588
458 -87.0592
459 -87.0595
460 -87.0599
461 -87.0603
462 -87.0607
463 -87.0611
464 -87.0615
465 -87.0619
466 -87.0623
467 -87.0627
468 -87.0631
469 -87.0635
470 -87.0639
471 -87.0642
472 -87.0646
473 -87.065
474 -87.0654
475 -87.0658
476 -87.0662
477 -87.0666
478 -87.0669
479 -87.0673
480 -87.0677
481 -87.0681
482 -87.0685
483 -87.0689
484 -87.0692
485 -87.0696
486 -87.07
487 -87.0704
488 -87.0707
489 -87.0711
490 -87.0715
491 -87.0719
492 -87.0723
493 -87.0726
494 -87.073
495 -87.0734
496 -87.0738
497 -87.0741
498 -87.0745
499 -87.0749
500 -87.0752
501 -87.0756
502 -87.076
503 -87.0764
504 -87.0767
505 -87.0771
506 -87.0775
507 -87.0778
508 -87.0782
509 -87.0786
510 -87.0789
511 -87.0793
512 -87.0797
513 -87.08
514 -87.0804
515 -87.0808
516 -87.0811
517 -87.0815
518 -87.0818
519 -87.0822
520 -87.0826
521 -87.0829
522 -87.0833
523 -87.0836
524 -87.084
525 -87.0844
526 -87.0847
527 -87.0851
528 -87.0854
529 -87.0858
530 -87.0861
531 -87.0865
532 -87.0869
533 -87.0872
534 -87.0876
535 -87.0879
536 -87.0883
537 -87.0886
538 -87.089
539 -87.0893
540 -87.0897
541 -87.09
542 -87.0904
543 -87.0907
544 -87.0911
545 -87.0914
546 -87.0918
547 -87.0921
548 -87.0925
549 -87.0928
550 -87.0932
551 -87.0935
552 -87.0938
553 -87.0942
554 -87.0945
555 -87.0949
556 -87.0952
557 -87.0956
558 -87.0959
559 -87.0962
560 -87.0966
561 -87.0969
562 -87.0973
563 -87.0976
564 -87.0979
565 -87.0983
566 -87.0986
567 -87.099
568 -87.0993
569 -87.0996
570 -87.1
571 -87.1003
572 -87.1006
573 -87.101
574 -87.1013
575 -87.1016
576 -87.102
577 -87.1023
578 -87.1026
579 -87.103
580 -87.1033
581 -87.1036
582 -87.1039
583 -87.1043
584 -87.1046
585 -87.1049
586 -87.1053
587 -87.1056
588 -87.1059
589 -87.1062
590 -87.1066
591 -87.1069
592 -87.1072
593 -87.1075
594 -87.1079
595 -87.1082
596 -87.1085
597 -87.1088
598 -87.1092
599 -87.1095
600 -87.1098
601 -87.1101
602 -87.1104
603 -87.1108
604 -87.1111
605 -87.1114
606 -87.1117
607 -87.112
608 -87.1124
609 -87.1127
610 -87.113
611 -87.1133
612 -87.1136
613 -87.1139
614 -87.1143
615 -87.1146
616 -87.1149
617 -87.1152
618 -87.1155
619 -87.1158
620 -87.1161
621 -87.1164
622 -87.1168
623 -87.1171
624 -87.1174
625 -87.1177
626 -87.118
627 -87.1183
628 -87.1186
629 -87.1189
630 -87.1192
631 -87.1195
632 -87.1198
633 -87.1202
634 -87.1205
635 -87.1208
636 -87.1211
637 -87.1214
638 -87.1217
639 -87.122
640 -87.1223
641 -87.1226
642 -87.1229
643 -87.1232
644 -87.1235
645 -87.1238
646 -87.1241
647 -87.1244
648 -87.1247
649 -87.125
650 -87.1253
651 -87.1256
652 -87.1259
653 -87.1262
654 -87.1265
655 -87.1268
656 -87.1271
657 -87.1274
658 -87.1277
659 -87.128
660 -87.1283
661 -87.1286
662 -87.1289
663 -87.1291
664 -87.1294
665 -87.1297
666 -87.13
667 -87.1303
668 -87.1306
669 -87.1309
670 -87.1312
671 -87.1315
672 -87.1318
673 -87.1321
674 -87.1324
675 -87.1326
676 -87.1329
677 -87.1332
678 -87.1335
679 -87.1338
680 -87.1341
681 -87.1344
682 -87.1346
683 -87.1349
684 -87.1352
685 -87.1355
686 -87.1358
687 -87.1361
688 -87.1364
689 -87.1366
690 -87.1369
691 -87.1372
692 -87.1375
693 -87.1378
694 -87.138
695 -87.1383
696 -87.1386
697 -87.1389
698 -87.1392
699 -87.1394
700 -87.1397
701 -87.14
702 -87.1403
703 -87.1406
704 -87.1408
705 -87.1411
706 -87.1414
707 -87.1417
708 -87.1419
709 -87.1422
710 -87.1425
711 -87.1428
712 -87.143
713 -87.1433
714 -87.1436
715 -87.1439
716 -87.1441
717 -87.1444
718 -87.1447
719 -87.1449
720 -87.1452
721 -87.1455
722 -87.1458
723 -87.146
724 -87.1463
725 -87.1466
726 -87.1468
727 -87.1471
728 -87.1474
729 -87.1476
730 -87.1479
731 -87.1482
732 -87.1484
733 -87.1487
734 -87.149
735 -87.1492
736 -87.1495
737 -87.1498
738 -87.15
739 -87.1503
740 -87.1506
741 -87.1508
742 -87.1511
743 -87.1513
744 -87.1516
745 -87.1519
746 -87.1521
747 -87.1524
748 -87.1526
749 -87.1529
750 -87.1532
751 -87.1534
752 -87.1537
753 -87.1539
754 -87.1542
755 -87.1545
756 -87.1547
757 -87.155
758 -87.1552
759 -87.1555
760 -87.1557
761 -87.156
762 -87.1563
763 -87.1565
764 -87.1568
765 -87.157
766 -87.1573
767 -87.1575
768 -87.1578
769 -87.158
770 -87.1583
771 -87.1585
772 -87.1588
773 -87.159
774 -87.1593
775 -87.1595
776 -87.1598
777 -87.16
778 -87.1603
779 -87.1605
780 -87.1608
781 -87.161
782 -87.1613
783 -87.1615
784 -87.1618
785 -87.162
786 -87.1623
787 -87.1625
788 -87.1628
789 -87.163
790 -87.1633
791 -87.1635
792 -87.1637
793 -87.164
794 -87.1642
795 -87.1645
796 -87.1647
797 -87.165
798 -87.1652
799 -87.1654
800 -87.1657
801 -87.1659
802 -87.1662
803 -87.1664
804 -87.1667
805 -87.1669
806 -87.1671
807 -87.1674
808 -87.1676
809 -87.1679
810 -87.1681
811 -87.1683
812 -87.1686
813 -87.1688
814 -87.169
815 -87.1693
816 -87.1695
817 -87.1698
818 -87.17
819 -87.1702
820 -87.1705
821 -87.1707
822 -87.1709
823 -87.1712
824 -87.1714
825 -87.1716
826 -87.1719
827 -87.1721
828 -87.1723
829 -87.1726
830 -87.1728
831 -87.173
832 -87.1733
833 -87.1735
834 -87.1737
835 -87.174
836 -87.1742
837 -87.1744
838 -87.1746
839 -87.1749
840 -87.1751
841 -87.1753
842 -87.1756
843 -87.1758
844 -87.176
845 -87.1762
846 -87.1765
847 -87.1767
848 -87.1769
849 -87.1771
850 -87.1774
851 -87.1776
852 -87.1778
853 -87.178
854 -87.1783
855 -87.1785
856 -87.1787
857 -87.1789
858 -87.1792
859 -87.1794
860 -87.1796
861 -87.1798
862 -87.1801
863 -87.1803
864 -87.1805
865 -87.1807
866 -87.1809
867 -87.1812
868 -87.1814
869 -87.1816
870 -87.1818
871 -87.182
872 -87.1823
873 -87.1825
874 -87.1827
875 -87.1829
876 -87.1831
877 -87.1834
878 -87.1836
879 -87.1838
880 -87.184
881 -87.1842
882 -87.1844
883 -87.1847
884 -87.1849
885 -87.1851
886 -87.1853
887 -87.1855
888 -87.1857
889 -87.1859
890 -87.1862
891 -87.1864
892 -87.1866
893 -87.1868
894 -87.187
895 -87.1872
896 -87.1874
897 -87.1876
898 -87.1879
899 -87.1881
900 -87.1883
901 -87.1885
902 -87.1887
903 -87.1889
904 -87.1891
905 -87.1893
906 -87.1895
907 -87.1897
908 -87.1899
909 -87.1902
910 -87.1904
911 -87.1906
912 -87.1908
913 -87.191
914 -87.1912
915 -87.1914
916 -87.1916
917 -87.1918
918 -87.192
919 -87.1922
920 -87.1924
921 -87.1926
922 -87.1928
923 -87.193
924 -87.1932
925 -87.1934
926 -87.1937
927 -87.1939
928 -87.1941
929 -87.1943
930 -87.1945
931 -87.1947
932 -87.1949
933 -87.1951
934 -87.1953
935 -87.1955
936 -87.1957
937 -87.1959
938 -87.1961
939 -87.1963
940 -87.1965
941 -87.1967
942 -87.1969
943 -87.1971
944 -87.1973
945 -87.1975
946 -87.1977
947 -87.1979
948 -87.1981
949 -87.1983
950 -87.1984
951 -87.1986
952 -87.1988
953 -87.199
954 -87.1992
955 -87.1994
956 -87.1996
957 -87.1998
958 -87.2
959 -87.2002
960 -87.2004
961 -87.2006
962 -87.2008
963 -87.201
964 -87.2012
965 -87.2014
966 -87.2016
967 -87.2018
968 -87.2019
969 -87.2021
970 -87.2023
971 -87.2025
972 -87.2027
973 -87.2029
974 -87.2031
975 -87.2033
976 -87.2035
977 -87.2037
978 -87.2038
979 -87.204
980 -87.2042
981 -87.2044
982 -87.2046
983 -87.2048
984 -87.205
985 -87.2052
986 -87.2054
987 -87.2055
988 -87.2057
989 -87.2059
990 -87.2061
991 -87.2063
992 -87.2065
993 -87.2067
994 -87.2068
995 -87.207
996 -87.2072
997 -87.2074
998 -87.2076
999 -87.2078
1000 -10.8175
1001 -10.8828
1002 -10.9349
1003 -10.9745
1004 -11.0024
1005 -11.02
1006 -11.0288
1007 -11.0298
1008 -11.0237
1009 -11.0106
1010 -10.9909
1011 -10.9647
1012 -10.9321
1013 -10.8933
1014 -10.8487
1015 -10.7984
1016 -10.7427
1017 -10.682
1018 -10.6165
1019 -10.5466
1020 -10.4725
1021 -10.3945
1022 -10.3129
1023 -10.2281
1024 -10.1402
1025 -10.0494
1026 -9.95619
1027 -9.8606
1028 -9.76289
1029 -9.66327
1030 -9.56193
1031 -9.45904
1032 -9.35476
1033 -9.24927
1034 -9.14269
1035 -9.03517
1036 -8.92684
1037 -8.8178
1038 -8.70817
1039 -8.59804
1040 -8.4875
1041 -8.37665
1042 -8.26555
1043 -8.15428
1044 -8.04289
1045 -7.93144
1046 -7.81999
1047 -7.70858
1048 -7.59726
1049 -7.48608
1050 -7.37505
1051 -7.26424
1052 -7.15365
1053 -7.04333
1054 -6.93329
1055 -6.82357
1056 -6.71418
1057 -6.60514
1058 -6.49647
1059 -6.38818
1060 -6.28028
1061 -6.17279
1062 -6.06572
1063 -5.95906
1064 -5.85283
1065 -5.74703
1066 -5.64167
1067 -5.53675
1068 -5.43228
1069 -5.32826
1070 -5.2247
1071 -5.12159
1072 -5.01895
1073 -4.91676
1074 -4.81504
1075 -4.71377
1076 -4.61296
1077 -4.51261
1078 -4.41271
1079 -4.31327
1080 -4.21428
1081 -4.11574
1082 -4.01766
1083 -3.92003
1084 -3.82286
1085 -3.72614
1086 -3.62987
1087 -3.53405
1088 -3.43867
1089 -3.34374
1090 -3.24925
1091 -3.15519
1092 -3.06156
1093 -2.96838
1094 -2.87562
1095 -2.7833
1096 -2.69142
1097 -2.59997
1098 -2.50896
1099 -2.41838
1100 -2.32824
1101 -2.23853
1102 -2.14926
1103 -2.06043
1104 -1.97202
1105 -1.88405
1106 -1.7965
1107 -1.70937
1108 -1.62266
1109 -1.53637
1110 -1.45049
1111 -1.36503
1112 -1.27998
1113 -1.19534
1114 -1.11112
1115 -1.0273
1116 -0.943896
1117 -0.860893
1118 -0.778296
1119 -0.696098
1120 -0.614292
1121 -0.53288
1122 -0.451857
1123 -0.371225
1124 -0.29098
1125 -0.211115
1126 -0.131643
1127 -0.0525657
1128 0.0261371
1129 0.104453
1130 0.182386
1131 0.259936
1132 0.337108
1133 0.413908
1134 0.490336
1135 0.566397
1136 0.642086
1137 0.717407
1138 0.792361
1139 0.866946
1140 0.941165
1141 1.01502
1142 1.0885
1143 1.16162
1144 1.23438
1145 1.30677
1146 1.37882
1147 1.4505
1148 1.52184
1149 1.59282
1150 1.66344
1151 1.73372
1152 1.80364
1153 1.87321
1154 1.94242
1155 2.01129
1156 2.07981
1157 2.14797
1158 2.21579
1159 2.28327
1160 2.35041
1161 2.41722
1162 2.48369
1163 2.54983
1164 2.61564
1165 2.68112
1166 2.74628
1167 2.81111
1168 2.87563
1169 2.93984
1170 3.00373
1171 3.0673
1172 3.13057
1173 3.19351
1174 3.25615
1175 3.31846
1176 3.38045
1177 3.44212
1178 3.50347
1179 3.56451
1180 3.62524
1181 3.68565
1182 3.74575
1183 3.80555
1184 3.86503
1185 3.9242
1186 3.98305
1187 4.04159
1188 4.09982
1189 4.15773
1190 4.21532
1191 4.2726
1192 4.32957
1193 4.38624
1194 4.4426
1195 4.49866
1196 4.55442
1197 4.60988
1198 4.66505
1199 4.71992
1200 4.7745
1201 4.82879
1202 4.8828
1203 4.93654
1204 4.98998
1205 5.04315
1206 5.09604
1207 5.14864
1208 5.20095
1209 5.25298
1210 5.30471
1211 5.35616
1212 5.40731
1213 5.45818
1214 5.50876
1215 5.55906
1216 5.60908
1217 5.65881
1218 5.70826
1219 5.75742
1220 5.8063
1221 5.85489
1222 5.90318
1223 5.95118
1224 5.9989
1225 6.04632
1226 6.09346
1227 6.14032
1228 6.1869
1229 6.2332
1230 6.27922
1231 6.32497
1232 6.37045
1233 6.41565
1234 6.46059
1235 6.50526
1236 6.54966
1237 6.59381
1238 6.63769
1239 6.68131
1240 6.72467
1241 6.76776
1242 6.81058
1243 6.85313
1244 6.89541
1245 6.93742
1246 6.97916
1247 7.02063
1248 7.06183
1249 7.10278
1250 7.14346
1251 7.18388
1252 7.22405
1253 7.26396
1254 7.30361
1255 7.34302
1256 7.38217
1257 7.42107
1258 7.45974
1259 7.49816
1260 7.53633
1261 7.57425
1262 7.61192
1263 7.64934
1264 7.68651
1265 7.72342
1266 7.76007
1267 7.79647
1268 7.83261
1269 7.86851
1270 7.90416
1271 7.93957
1272 7.97474
1273 8.00966
1274 8.04434
1275 8.07879
1276 8.11299
1277 8.14697
1278 8.18071
1279 8.21423
1280 8.24751
1281 8.28057
1282 8.31339
1283 8.34597
1284 8.37831
1285 8.41041
1286 8.44227
1287 8.47388
1288 8.50525
1289 8.53639
1290 8.56729
1291 8.59795
1292 8.62839
1293 8.6586
1294 8.68859
1295 8.71834
1296 8.74787
1297 8.77718
1298 8.80628
1299 8.83516
1300 8.86384
1301 8.8923
1302 8.92056
1303 8.94861
1304 8.97646
1305 9.00411
1306 9.03156
1307 9.05882
1308 9.08589
1309 9.11276
1310 9.13944
1311 9.16592
1312 9.1922
1313 9.21828
1314 9.24415
1315 9.26981
1316 9.29527
1317 9.32051
1318 9.34555
1319 9.37039
1320 9.39504
1321 9.41949
1322 9.44374
1323 9.4678
1324 9.49167
1325 9.51535
1326 9.53885
1327 9.56217
1328 9.58532
1329 9.6083
1330 9.63112
1331 9.65376
1332 9.67625
1333 9.69858
1334 9.72075
1335 9.74277
1336 9.76464
1337 9.78637
1338 9.80795
1339 9.82938
1340 9.85066
1341 9.87179
1342 9.89276
1343 9.91357
1344 9.93421
1345 9.95469
1346 9.97501
1347 9.99517
1348 10.0152
1349 10.035
1350 10.0548
1351 10.0743
1352 10.0938
1353 10.113
1354 10.1322
1355 10.1512
1356 10.1701
1357 10.1889
1358 10.2076
1359 10.2261
1360 10.2446
1361 10.2629
1362 10.2811
1363 10.2993
1364 10.3173
1365 10.3353
1366 10.3531
1367 10.3709
1368 10.3886
1369 10.4062
1370 10.4237
1371 10.4411
1372 10.4584
1373 10.4756
1374 10.4927
1375 10.5097
1376 10.5266
1377 10.5435
1378 10.5602
1379 10.5768
1380 10.5934
1381 10.6099
1382 10.6263
1383 10.6427
1384 10.659
1385 10.6752
1386 10.6913
1387 10.7075
1388 10.7235
1389 10.7396
1390 10.7556
1391 10.7715
1392 10.7874
1393 10.8034
1394 10.8192
1395 10.8351
1396 10.851
1397 10.8669
1398 10.8827
1399 10.8986
1400 10.9145
1401 10.9304
1402 10.9463
1403 10.9622
1404 10.9782
1405 10.9942
1406 11.0101
1407 11.0261
1408 11.0422
1409 11.0582
1410 11.0742
1411 11.0902
1412 11.1062
1413 11.1222
1414 11.1382
1415 11.1543
1416 11.1704
1417 11.1865
1418 11.2027
1419 11.2188
1420 11.2351
1421 11.2513
1422 11.2677
1423 11.284
1424 11.3005
1425 11.317
1426 11.3336
1427 11.3502
1428 11.3669
1429 11.3837
1430 11.4006
1431 11.4176
1432 11.4346
1433 11.4518
1434 11.4691
1435 11.4864
1436 11.5039
1437 11.5215
1438 11.5392
1439 11.557
1440 11.575
1441 11.5931
1442 11.6113
1443 11.6297
1444 11.6482
1445 11.6669
1446 11.6857
1447 11.7047
1448 11.7239
1449 11.7433
1450 11.7628
1451 11.7825
1452 11.8023
1453 11.8223
1454 11.8424
1455 11.8626
1456 11.883
1457 11.9035
1458 11.9242
1459 11.945
1460 11.9659
1461 11.987
1462 12.0083
1463 12.0298
1464 12.0514
1465 12.0732
1466 12.0952
1467 12.1173
1468 12.1396
1469 12.1622
1470 12.1849
1471 12.2079
1472 12.231
1473 12.2543
1474 12.2779
1475 12.3016
1476 12.3255
1477 12.3497
1478 12.3741
1479 12.3987
1480 12.4236
1481 12.4486
1482 12.4739
1483 12.4994
1484 12.5251
1485 12.5511
1486 12.5773
1487 12.6038
1488 12.6304
1489 12.6574
1490 12.6845
1491 12.7119
1492 12.7396
1493 12.7676
1494 12.7958
1495 12.8244
1496 12.8532
1497 12.8823
1498 12.9116
1499 12.9413
1500 12.9713
1501 13.0016
1502 13.0322
1503 13.0631
1504 13.0944
1505 13.126
1506 13.1578
1507 13.1899
1508 13.2224
1509 13.2551
1510 13.288
1511 13.3213
1512 13.3549
1513 13.3889
1514 13.4232
1515 13.4579
1516 13.493
1517 13.5284
1518 13.5642
1519 13.6004
1520 13.637
1521 13.6741
1522 13.7116
1523 13.7496
1524 13.7881
1525 13.827
1526 13.8665
1527 13.9064
1528 13.9469
1529 13.988
1530 14.0296
1531 14.0719
1532 14.1148
1533 14.1583
1534 14.2025
1535 14.2474
1536 14.293
1537 14.3394
1538 14.3865
1539 14.4345
1540 14.4833
1541 14.533
1542 14.5836
1543 14.6351
1544 14.6876
1545 14.7412
1546 14.7958
1547 14.8515
1548 14.9083
1549 14.9663
1550 15.0256
1551 15.0861
1552 15.1479
1553 15.2111
1554 15.2756
1555 15.3417
1556 15.4092
1557 15.4783
1558 15.5489
1559 15.6212
1560 15.6951
1561 15.7708
1562 15.8482
1563 15.9274
1564 16.0085
1565 16.0913
1566 16.1762
1567 16.2628
1568 16.3512
1569 16.4416
1570 16.5337
1571 16.6276
1572 16.7232
1573 16.8204
1574 16.9192
1575 17.0195
1576 17.1212
1577 17.2243
1578 17.3285
1579 17.4337
1580 17.5397
1581 17.6462
1582 17.7531
1583 17.8597
1584 17.9658
1585 18.0713
1586 18.1758
1587 18.279
1588 18.3802
1589 18.4788
1590 18.5743
1591 18.6657
1592 18.7524
1593 18.8343
1594 18.9107
1595 18.9818
1596 19.047
1597 19.1058
1598 19.1578
1599 19.2018
1600 19.2375
1601 19.2646
1602 19.2828
1603 19.2928
1604 19.2958
1605 19.2934
1606 19.2892
1607 19.2876
1608 19.2909
1609 19.2955
1610 19.2973
1611 19.2919
1612 19.3099
1613 19.3177
1614 19.2794
1615 19.1589
1616 18.1668
1617 16.0795
1618 7.68104
1619 -5.1027
1620 -29.3929
1621 -48.8289
1622 -63.9825
1623 -73.6137
1624 -79.3473
1625 -82.6901
1626 -84.6321
1627 -85.7542
1628 -86.4027
1629 -86.777
1630 -86.9929
1631 -87.1173
1632 -87.1891
1633 -87.2305
1634 -87.2543
1635 -87.2681
1636 -87.2761
1637 -87.2807
1638 -87.2834
1639 -87.285
1640 -87.286
1641 -87.2865
1642 -87.2869
1643 -87.2872
1644 -87.2873
1645 -87.2875
1646 -87.2876
1647 -87.2877
1648 -87.2878
1649 -87.2879
1650 -87.2879
1651 -87.288
1652 -87.2881
1653 -87.2882
1654 -87.2883
1655 -87.2883
1656 -87.2884
1657 -87.2885
1658 -87.2886
1659 -87.2886
1660 -87.2887
1661 -87.2888
1662 -87.2889
1663 -87.289
1664 -87.289
1665 -87.2891
1666 -87.2892
1667 -87.2893
1668 -87.2893
1669 -87.2894
1670 -87.2895
1671 -87.2896
1672 -87.2896
1673 -87.2897
1674 -87.2898
1675 -87.2899
1676 -87.29
1677 -87.29
1678 -87.2901
1679 -87.2902
1680 -87.2903
1681 -87.2903
1682 -87.2904
1683 -87.2905
1684 -87.2906
1685 -87.2906
1686 -87.2907
1687 -87.2908
1688 -87.2909
1689 -87.2909
1690 -87.291
1691 -87.2911
1692 -87.2912
1693 -87.2912
1694 -87.2913
1695 -87.2914
1696 -87.2915
1697 -87.2915
1698 -87.2916
1699 -87.2917
1700 -87.2918
1701 -87.2918
1702 -87.2919
1703 -87.292
1704 -87.292
1705 -87.2921
1706 -87.2922
1707 -87.2923
1708 -87.2923
1709 -87.2924
1710 -87.2925
1711 -87.2926
1712 -87.2926
1713 -87.2927
1714 -87.2928
1715 -87.2929
1716 -87.2929
1717 -87.293
1718 -87.2931
1719 -87.2931
1720 -87.2932
1721 -87.2933
1722 -87.2934
1723 -87.2934
1724 -87.2935
1725 -87.2936
1726 -87.2936
1727 -87.2937
1728 -87.2938
1729 -87.2939
1730 -87.2939
1731 -87.294
1732 -87.2941
1733 -87.2941
1734 -87.2942
1735 -87.2943
1736 -87.2944
1737 -87.2944
1738 -87.2945
1739 -87.2946
1740 -87.2946
1741 -87.2947
1742 -87.2948
1743 -87.2948
1744 -87.2949
1745 -87.295
1746 -87.2951
1747 -87.2951
1748 -87.2952
1749 -87.2953
1750 -87.2953
1751 -87.2954
1752 -87.2955
1753 -87.2955
1754 -87.2956
1755 -87.2957
1756 -87.2958
1757 -87.2958
1758 -87.2959
1759 -87.296
1760 -87.296
1761 -87.2961
1762 -87.2962
1763 -87.2962
1764 -87.2963
1765 -87.2964
1766 -87.2964
1767 -87.2965
1768 -87.2966
1769 -87.2966
1770 -87.2967
1771 -87.2968
1772 -87.2968
1773 -87.2969
1774 -87.297
1775 -87.2971
1776 -87.2971
1777 -87.2972
1778 -87.2973
1779 -87.2973
1780 -87.2974
1781 -87.2975
1782 -87.2975
1783 -87.2976
1784 -87.2977
1785 -87.2977
1786 -87.2978
1787 -87.2979
1788 -87.2979
1789 -87.298
1790 -87.2981
1791 -87.2981
1792 -87.2982
1793 -87.2983
1794 -87.2983
1795 -87.2984
1796 -87.2985
1797 -87.2985
1798 -87.2986
1799 -87.2986
1800 -87.2987
1801 -87.2988
1802 -87.2988
1803 -87.2989
1804 -87.299
1805 -87.299
1806 -87.2991
1807 -87.2992
1808 -87.2992
1809 -87.2993
1810 -87.2994
1811 -87.2994
1812 -87.2995
1813 -87.2996
1814 -87.2996
1815 -87.2997
1816 -87.2998
1817 -87.2998
1818 -87.2999
1819 -87.2999
1820 -87.3
1821 -87.3001
1822 -87.3001
1823 -87.3002
1824 -87.3003
1825 -87.3003
1826 -87.3004
1827 -87.3005
1828 -87.3005
1829 -87.3006
1830 -87.3006
1831 -87.3007
1832 -87.3008
1833 -87.3008
1834 -87.3009
1835 -87.301
1836 -87.301
1837 -87.3011
1838 -87.3011
1839 -87.3012
1840 -87.3013
1841 -87.3013
1842 -87.3014
1843 -87.3015
1844 -87.3015
1845 -87.3016
1846 -87.3016
1847 -87.3017
1848 -87.3018
1849 -87.3018
1850 -87.3019
1851 -87.302
1852 -87.302
1853 -87.3021
1854 -87.3021
1855 -87.3022
1856 -87.3023
1857 -87.3023
1858 -87.3024
1859 -87.3024
1860 -87.3025
1861 -87.3026
1862 -87.3026
1863 -87.3027
1864 -87.3027
1865 -87.3028
1866 -87.3029
1867 -87.3029
1868 -87.303
1869 -87.3031
1870 -87.3031
1871 -87.3032
1872 -87.3032
1873 -87.3033
1874 -87.3034
1875 -87.3034
1876 -87.3035
1877 -87.3035
1878 -87.3036
1879 -87.3037
1880 -87.3037
1881 -87.3038
1882 -87.3038
1883 -87.3039
1884 -87.3039
1885 -87.304
1886 -87.3041
1887 -87.3041
1888 -87.3042
1889 -87.3042
1890 -87.3043
1891 -87.3044
1892 -87.3044
1893 -87.3045
1894 -87.3045
1895 -87.3046
1896 -87.3047
1897 -87.3047
1898 -87.3048
1899 -87.3048
1900 -87.3049
1901 -87.3049
1902 -87.305
1903 -87.3051
1904 -87.3051
1905 -87.3052
1906 -87.3052
1907 -87.3053
1908 -87.3054
1909 -87.3054
1910 -87.3055
1911 -87.3055
1912 -87.3056
1913 -87.3056
1914 -87.3057
1915 -87.3058
1916 -87.3058
1917 -87.3059
1918 -87.3059
1919 -87.306
1920 -87.306
1921 -87.3061
1922 -87.3062
1923 -87.3062
1924 -87.3063
1925 -87.3063
1926 -87.3064
1927 -87.3064
1928 -87.3065
1929 -87.3065
1930 -87.3066
1931 -87.3067
1932 -87.3067
1933 -87.3068
1934 -87.3068
1935 -87.3069
1936 -87.3069
1937 -87.307
1938 -87.3071
1939 -87.3071
1940 -87.3072
1941 -87.3072
1942 -87.3073
1943 -87.3073
1944 -87.3074
1945 -87.3074
1946 -87.3075
1947 -87.3076
1948 -87.3076
1949 -87.3077
1950 -87.3077
1951 -87.3078
1952 -87.3078
1953 -87.3079
1954 -87.3079
1955 -87.308
1956 -87.308
1957 -87.3081
1958 -87.3082
1959 -87.3082
1960 -87.3083
1961 -87.3083
1962 -87.3084
1963 -87.3084
1964 -87.3085
1965 -87.3085
1966 -87.3086
1967 -87.3086
1968 -87.3087
1969 -87.3087
1970 -87.3088
1971 -87.3089
1972 -87.3089
1973 -87.309
1974 -87.309
1975 -87.3091
1976 -87.3091
1977 -87.3092
1978 -87.3092
1979 -87.3093
1980 -87.3093
1981 -87.3094
1982 -87.3094
1983 -87.3095
1984 -87.3095
1985 -87.3096
1986 -87.3097
1987 -87.3097
1988 -87.3098
1989 -87.3098
1990 -87.3099
1991 -87.3099
1992 -87.31
1993 -87.31
1994 -87.3101
1995 -87.3101
1996 -87.3102
1997 -87.3102
1998 -87.3103
1999 -87.3103
2000 -84.6874
2001 -84.6934
2002 -84.7
2003 -84.7071
2004 -84.7145
2005 -84.7219
2006 -84.729
2007 -84.7355
2008 -84.7413
2009 -84.7462
2010 -84.75
2011 -84.7528
2012 -84.7546
2013 -84.7554
2014 -84.7552
2015 -84.754
2016 -84.7521
2017 -84.7493
2018 -84.7458
2019 -84.7416
2020 -84.7369
2021 -84.7315
2022 -84.7257
2023 -84.7194
2024 -84.7127
2025 -84.7056
2026 -84.6982
2027 -84.6904
2028 -84.6824
2029 -84.674
2030 -84.6654
2031 -84.6565
2032 -84.6474
2033 -84.6381
2034 -84.6286
2035 -84.6189
2036 -84.6089
2037 -84.5988
2038 -84.5886
2039 -84.5781
2040 -84.5675
2041 -84.5567
2042 -84.5458
2043 -84.5347
2044 -84.5234
2045 -84.512
2046 -84.5004
2047 -84.4887
2048 -84.4768
2049 -84.4648
2050 -84.4526
2051 -84.4402
2052 -84.4277
2053 -84.4151
2054 -84.4023
2055 -84.3893
2056 -84.3762
2057 -84.3629
2058 -84.3494
2059 -84.3358
2060 -84.322
2061 -84.3081
2062 -84.294
2063 -84.2797
2064 -84.2652
2065 -84.2506
2066 -84.2357
2067 -84.2207
2068 -84.2055
2069 -84.1901
2070 -84.1745
2071 -84.1587
2072 -84.1427
2073 -84.1265
2074 -84.1101
2075 -84.0935
2076 -84.0766
2077 -84.0596
2078 -84.0422
2079 -84.0247
2080 -84.0069
2081 -83.9889
2082 -83.9706
2083 -83.952
2084 -83.9332
2085 -83.9141
2086 -83.8948
2087 -83.8752
2088 -83.8553
2089 -83.8351
2090 -83.8146
2091 -83.7937
2092 -83.7726
2093 -83.7512
2094 -83.7294
2095 -83.7073
2096 -83.6848
2097 -83.662
2098 -83.6388
2099 -83.6153
2100 -83.5914
2101 -83.5671
2102 -83.5424
2103 -83.5173
2104 -83.4919
2105 -83.466
2106 -83.4396
2107 -83.4129
2108 -83.3857
2109 -83.358
2110 -83.3299
2111 -83.3012
2112 -83.2721
2113 -83.2425
2114 -83.2124
2115 -83.1818
2116 -83.1506
2117 -83.1189
2118 -83.0866
2119 -83.0538
2120 -83.0203
2121 -82.9863
2122 -82.9517
2123 -82.9164
2124 -82.8805
2125 -82.844
2126 -82.8067
2127 -82.7688
2128 -82.7303
2129 -82.691
2130 -82.651
2131 -82.6102
2132 -82.5687
2133 -82.5264
2134 -82.4834
2135 -82.4395
2136 -82.3948
2137 -82.3493
2138 -82.303
2139 -82.2557
2140 -82.2076
2141 -82.1586
2142 -82.1087
2143 -82.0578
2144 -82.006
2145 -81.9532
2146 -81.8994
2147 -81.8446
2148 -81.7888
2149 -81.7319
2150 -81.674
2151 -81.6149
2152 -81.5548
2153 -81.4935
2154 -81.4311
2155 -81.3676
2156 -81.3028
2157 -81.2369
2158 -81.1697
2159 -81.1013
2160 -81.0316
2161 -80.9607
2162 -80.8884
2163 -80.8148
2164 -80.7399
2165 -80.6636
2166 -80.5859
2167 -80.5069
2168 -80.4264
2169 -80.3444
2170 -80.261
2171 -80.1762
2172 -80.0898
2173 -80.0019
2174 -79.9125
2175 -79.8215
2176 -79.729
2177 -79.6349
2178 -79.5392
2179 -79.4418
2180 -79.3429
2181 -79.2423
2182 -79.14
2183 -79.0361
2184 -78.9305
2185 -78.8232
2186 -78.7141
2187 -78.6034
2188 -78.4909
2189 -78.3767
2190 -78.2607
2191 -78.143
2192 -78.0235
2193 -77.9023
2194 -77.7793
2195 -77.6545
2196 -77.5279
2197 -77.3995
2198 -77.2694
2199 -77.1374
2200 -77.0037
2201 -76.8681
2202 -76.7308
2203 -76.5917
2204 -76.4508
2205 -76.3081
2206 -76.1637
2207 -76.0175
2208 -75.8696
2209 -75.7199
2210 -75.5685
2211 -75.4154
2212 -75.2606
2213 -75.1041
2214 -74.946
2215 -74.7862
2216 -74.6247
2217 -74.4617
2218 -74.2971
2219 -74.1309
2220 -73.9632
2221 -73.7939
2222 -73.6232
2223 -73.451
2224 -73.2773
2225 -73.1023
2226 -72.9258
2227 -72.748
2228 -72.5689
2229 -72.3885
2230 -72.2068
2231 -72.0238
2232 -71.8397
2233 -71.6544
2234 -71.468
2235 -71.2804
2236 -71.0918
2237 -70.9021
2238 -70.7115
2239 -70.5199
2240 -70.3273
2241 -70.1338
2242 -69.9395
2243 -69.7444
2244 -69.5485
2245 -69.3518
2246 -69.1544
2247 -68.9563
2248 -68.7576
2249 -68.5583
2250 -68.3584
2251 -68.1579
2252 -67.9569
2253 -67.7555
2254 -67.5536
2255 -67.3513
2256 -67.1486
2257 -66.9455
2258 -66.7421
2259 -66.5385
2260 -66.3345
2261 -66.1303
2262 -65.926
2263 -65.7214
2264 -65.5167
2265 -65.3119
2266 -65.107
2267 -64.902
2268 -64.697
2269 -64.4919
2270 -64.2869
2271 -64.0819
2272 -63.8769
2273 -63.672
2274 -63.4671
2275 -63.2624
2276 -63.0578
2277 -62.8533
2278 -62.649
2279 -62.4448
2280 -62.2408
2281 -62.0371
2282 -61.8335
2283 -61.6302
2284 -61.4271
2285 -61.2243
2286 -61.0218
2287 -60.8195
2288 -60.6176
2289 -60.4159
2290 -60.2146
2291 -60.0135
2292 -59.8128
2293 -59.6125
2294 -59.4125
2295 -59.2128
2296 -59.0135
2297 -58.8146
2298 -58.616
2299 -58.4178
2300 -58.2199
2301 -58.0225
2302 -57.8254
2303 -57.6287
2304 -57.4324
2305 -57.2365
2306 -57.041
2307 -56.8458
2308 -56.6511
2309 -56.4568
2310 -56.2628
2311 -56.0693
2312 -55.8761
2313 -55.6834
2314 -55.491
2315 -55.2991
2316 -55.1075
2317 -54.9164
2318 -54.7256
2319 -54.5353
2320 -54.3453
2321 -54.1558
2322 -53.9666
2323 -53.7778
2324 -53.5894
2325 -53.4014
2326 -53.2138
2327 -53.0266
2328 -52.8397
2329 -52.6532
2330 -52.4671
2331 -52.2814
2332 -52.096
2333 -51.9109
2334 -51.7263
2335 -51.542
2336 -51.358
2337 -51.1744
2338 -50.9911
2339 -50.8081
2340 -50.6255
2341 -50.4433
2342 -50.2613
2343 -50.0797
2344 -49.8985
2345 -49.7175
2346 -49.5369
2347 -49.3566
2348 -49.1766
2349 -48.997
2350 -48.8176
2351 -48.6386
2352 -48.4598
2353 -48.2814
2354 -48.1032
2355 -47.9253
2356 -47.7478
2357 -47.5705
2358 -47.3935
2359 -47.2167
2360 -47.0403
2361 -46.8641
2362 -46.6882
2363 -46.5126
2364 -46.3372
2365 -46.1621
2366 -45.9872
2367 -45.8126
2368 -45.6382
2369 -45.4641
2370 -45.2903
2371 -45.1167
2372 -44.9434
2373 -44.7703
2374 -44.5974
2375 -44.4248
2376 -44.2525
2377 -44.0804
2378 -43.9085
2379 -43.7369
2380 -43.5655
2381 -43.3943
2382 -43.2234
2383 -43.0527
2384 -42.8822
2385 -42.712
2386 -42.542
2387 -42.3722
2388 -42.2026
2389 -42.0333
2390 -41.8642
2391 -41.6953
2392 -41.5266
2393 -41.3582
2394 -41.19
2395 -41.022
2396 -40.8542
2397 -40.6866
2398 -40.5193
2399 -40.3521
2400 -40.1852
2401 -40.0185
2402 -39.852
2403 -39.6858
2404 -39.5197
2405 -39.3539
2406 -39.1883
2407 -39.0229
2408 -38.8577
2409 -38.6928
2410 -38.5281
2411 -38.3636
2412 -38.1993
2413 -38.0353
2414 -37.8715
2415 -37.708
2416 -37.5446
2417 -37.3815
2418 -37.2187
2419 -37.056
2420 -36.8937
2421 -36.7315
2422 -36.5696
2423 -36.4079
2424 -36.2465
2425 -36.0853
2426 -35.9244
2427 -35.7637
2428 -35.6033
2429 -35.4431
2430 -35.2832
2431 -35.1236
2432 -34.9642
2433 -34.805
2434 -34.6462
2435 -34.4876
2436 -34.3293
2437 -34.1712
2438 -34.0134
2439 -33.8559
2440 -33.6987
2441 -33.5418
2442 -33.3851
2443 -33.2288
2444 -33.0727
2445 -32.9169
2446 -32.7614
2447 -32.6062
2448 -32.4514
2449 -32.2968
2450 -32.1425
2451 -31.9886
2452 -31.8349
2453 -31.6816
2454 -31.5286
2455 -31.3759
2456 -31.2236
2457 -31.0716
2458 -30.9199
2459 -30.7686
2460 -30.6176
2461 -30.4669
2462 -30.3165
2463 -30.1666
2464 -30.0169
2465 -29.8676
2466 -29.7186
2467 -29.57
2468 -29.4217
2469 -29.2738
2470 -29.1262
2471 -28.979
2472 -28.8321
2473 -28.6855
2474 -28.5393
2475 -28.3935
2476 -28.248
2477 -28.1028
2478 -27.958
2479 -27.8135
2480 -27.6694
2481 -27.5256
2482 -27.3821
2483 -27.239
2484 -27.0962
2485 -26.9538
2486 -26.8117
2487 -26.6699
2488 -26.5285
2489 -26.3874
2490 -26.2466
2491 -26.1061
2492 -25.966
2493 -25.8261
2494 -25.6866
2495 -25.5474
2496 -25.4086
2497 -25.27
2498 -25.1318
2499 -24.9938
2500 -24.8562
2501 -24.7188
2502 -24.5818
2503 -24.4451
2504 -24.3087
2505 -24.1725
2506 -24.0367
2507 -23.9012
2508 -23.7659
2509 -23.631
2510 -23.4964
2511 -23.362
2512 -23.2279
2513 -23.0942
2514 -22.9607
2515 -22.8275
2516 -22.6946
2517 -22.5619
2518 -22.4296
2519 -22.2975
2520 -22.1657
2521 -22.0342
2522 -21.903
2523 -21.772
2524 -21.6413
2525 -21.5109
2526 -21.3807
2527 -21.2508
2528 -21.1212
2529 -20.9918
2530 -20.8628
2531 -20.7339
2532 -20.6054
2533 -20.4771
2534 -20.3491
2535 -20.2213
2536 -20.0938
2537 -19.9666
2538 -19.8396
2539 -19.7129
2540 -19.5864
2541 -19.4602
2542 -19.3343
2543 -19.2086
2544 -19.0832
2545 -18.958
2546 -18.8332
2547 -18.7085
2548 -18.5842
2549 -18.4601
2550 -18.3362
2551 -18.2126
2552 -18.0893
2553 -17.9663
2554 -17.8435
2555 -17.7209
2556 -17.5987
2557 -17.4767
2558 -17.355
2559 -17.2335
2560 -17.1123
2561 -16.9914
2562 -16.8707
2563 -16.7503
2564 -16.6302
2565 -16.5103
2566 -16.3907
2567 -16.2714
2568 -16.1524
2569 -16.0336
2570 -15.9151
2571 -15.7969
2572 -15.679
2573 -15.5614
2574 -15.444
2575 -15.327
2576 -15.2102
2577 -15.0937
2578 -14.9775
2579 -14.8617
2580 -14.7461
2581 -14.6308
2582 -14.5158
2583 -14.4012
2584 -14.2868
2585 -14.1728
2586 -14.059
2587 -13.9456
2588 -13.8324
2589 -13.7196
2590 -13.6071
2591 -13.4949
2592 -13.383
2593 -13.2714
2594 -13.1602
2595 -13.0492
2596 -12.9386
2597 -12.8283
2598 -12.7183
2599 -12.6086
2600 -12.4992
2601 -12.3902
2602 -12.2815
2603 -12.1731
2604 -12.065
2605 -11.9573
2606 -11.8498
2607 -11.7427
2608 -11.6359
2609 -11.5294
2610 -11.4233
2611 -11.3175
2612 -11.212
2613 -11.1068
2614 -11.002
2615 -10.8975
2616 -10.7933
2617 -10.6894
2618 -10.5859
2619 -10.4827
2620 -10.3798
2621 -10.2773
2622 -10.1751
2623 -10.0732
2624 -9.97161
2625 -9.87039
2626 -9.76949
2627 -9.66892
2628 -9.56868
2629 -9.46877
2630 -9.3692
2631 -9.26995
2632 -9.17103
2633 -9.07245
2634 -8.97419
2635 -8.87627
2636 -8.77867
2637 -8.68141
2638 -8.58447
2639 -8.48787
2640 -8.39159
2641 -8.29565
2642 -8.20003
2643 -8.10474
2644 -8.00978
2645 -7.91515
2646 -7.82085
2647 -7.72688
2648 -7.63323
2649 -7.53991
2650 -7.44692
2651 -7.35426
2652 -7.26192
2653 -7.16991
2654 -7.07823
2655 -6.98686
2656 -6.89583
2657 -6.80511
2658 -6.71472
2659 -6.62465
2660 -6.53491
2661 -6.44548
2662 -6.35638
2663 -6.26759
2664 -6.17913
2665 -6.09098
2666 -6.00315
2667 -5.91565
2668 -5.82846
2669 -5.74159
2670 -5.65504
2671 -5.5688
2672 -5.48289
2673 -5.3973
2674 -5.31203
2675 -5.22709
2676 -5.14248
2677 -5.05819
2678 -4.97424
2679 -4.89062
2680 -4.80734
2681 -4.72438
2682 -4.64176
2683 -4.55946
2684 -4.4775
2685 -4.39587
2686 -4.31457
2687 -4.2336
2688 -4.15296
2689 -4.07265
2690 -3.99266
2691 -3.913
2692 -3.83366
2693 -3.75465
2694 -3.67597
2695 -3.59761
2696 -3.51958
2697 -3.44186
2698 -3.36447
2699 -3.2874
2700 -3.21064
2701 -3.13421
2702 -3.0581
2703 -2.9823
2704 -2.90683
2705 -2.83167
2706 -2.75683
2707 -2.6823
2708 -2.60809
2709 -2.53419
2710 -2.46061
2711 -2.38735
2712 -2.31439
2713 -2.24176
2714 -2.16943
2715 -2.09741
2716 -2.0257
2717 -1.9543
2718 -1.88321
2719 -1.81242
2720 -1.74194
2721 -1.67177
2722 -1.6019
2723 -1.53233
2724 -1.46306
2725 -1.39409
2726 -1.32542
2727 -1.25705
2728 -1.18898
2729 -1.1212
2730 -1.05372
2731 -0.986529
2732 -0.91963
2733 -0.853023
2734 -0.786709
2735 -0.720683
2736 -0.654949
2737 -0.589502
2738 -0.52434
2739 -0.459465
2740 -0.394871
2741 -0.330563
2742 -0.266542
2743 -0.2028
2744 -0.139342
2745 -0.0761643
2746 -0.013266
2747 0.0493459
2748 0.111693
2749 0.17376
2750 0.235546
2751 0.297058
2752 0.358292
2753 0.419252
2754 0.479941
2755 0.540356
2756 0.600503
2757 0.660376
2758 0.719978
2759 0.779311
2760 0.838373
2761 0.897168
2762 0.955697
2763 1.01396
2764 1.07196
2765 1.12969
2766 1.18716
2767 1.24436
2768 1.3013
2769 1.35798
2770 1.4144
2771 1.47056
2772 1.52647
2773 1.58211
2774 1.6375
2775 1.69263
2776 1.7475
2777 1.80212
2778 1.85648
2779 1.91059
2780 1.96445
2781 2.01806
2782 2.07141
2783 2.12451
2784 2.17736
2785 2.22996
2786 2.28231
2787 2.33441
2788 2.38627
2789 2.43788
2790 2.48924
2791 2.54035
2792 2.59122
2793 2.64185
2794 2.69223
2795 2.74237
2796 2.79227
2797 2.84193
2798 2.89134
2799 2.94052
2800 2.98945
2801 3.03815
2802 3.08661
2803 3.13483
2804 3.18281
2805 3.23056
2806 3.27807
2807 3.32535
2808 3.37238
2809 3.41919
2810 3.46576
2811 3.5121
2812 3.55821
2813 3.60409
2814 3.64974
2815 3.69515
2816 3.74034
2817 3.7853
2818 3.83003
2819 3.87453
2820 3.91881
2821 3.96286
2822 4.00668
2823 4.05028
2824 4.09365
2825 4.1368
2826 4.17972
2827 4.22242
2828 4.26491
2829 4.30716
2830 4.3492
2831 4.39101
2832 4.4326
2833 4.47398
2834 4.51513
2835 4.55606
2836 4.59678
2837 4.63728
2838 4.67756
2839 4.71763
2840 4.75747
2841 4.7971
2842 4.83652
2843 4.87572
2844 4.91472
2845 4.95349
2846 4.99206
2847 5.03041
2848 5.06855
2849 5.10649
2850 5.14421
2851 5.18172
2852 5.21903
2853 5.25613
2854 5.29303
2855 5.32972
2856 5.3662
2857 5.40248
2858 5.43856
2859 5.47443
2860 5.5101
2861 5.54557
2862 5.58085
2863 5.61592
2864 5.65079
2865 5.68546
2866 5.71993
2867 5.75421
2868 5.78829
2869 5.82218
2870 5.85587
2871 5.88936
2872 5.92266
2873 5.95577
2874 5.98869
2875 6.02141
2876 6.05394
2877 6.08629
2878 6.11845
2879 6.15042
2880 6.1822
2881 6.21379
2882 6.24521
2883 6.27643
2884 6.30748
2885 6.33835
2886 6.36903
2887 6.39954
2888 6.42986
2889 6.46
2890 6.48997
2891 6.51976
2892 6.54938
2893 6.57882
2894 6.60809
2895 6.63719
2896 6.66611
2897 6.69487
2898 6.72345
2899 6.75186
2900 6.78011
2901 6.8082
2902 6.83612
2903 6.86387
2904 6.89146
2905 6.91888
2906 6.94615
2907 6.97325
2908 7.0002
2909 7.02699
2910 7.05362
2911 7.08011
2912 7.10643
2913 7.1326
2914 7.15862
2915 7.18448
2916 7.21021
2917 7.23578
2918 7.26121
2919 7.2865
2920 7.31164
2921 7.33663
2922 7.36149
2923 7.38621
2924 7.41079
2925 7.43524
2926 7.45955
2927 7.48373
2928 7.50777
2929 7.53169
2930 7.55547
2931 7.57913
2932 7.60267
2933 7.62609
2934 7.64938
2935 7.67255
2936 7.6956
2937 7.71854
2938 7.74136
2939 7.76407
2940 7.78667
2941 7.80917
2942 7.83155
2943 7.85384
2944 7.87602
2945 7.8981
2946 7.92009
2947 7.94198
2948 7.96379
2949 7.98551
2950 8.00715
2951 8.02871
2952 8.05019
2953 8.0716
2954 8.09295
2955 8.11424
2956 8.13548
2957 8.15668
2958 8.17785
2959 8.19899
2960 8.2201
2961 8.24121
2962 8.26232
2963 8.28345
2964 8.30462
2965 8.32584
2966 8.34711
2967 8.36847
2968 8.38991
2969 8.41147
2970 8.43315
2971 8.45497
2972 8.47695
2973 8.4991
2974 8.52142
2975 8.54391
2976 8.56655
2977 8.58933
2978 8.61223
2979 8.63518
2980 8.65813
2981 8.68099
2982 8.70362
2983 8.72589
2984 8.74759
2985 8.76851
2986 8.78837
2987 8.80687
2988 8.82366
2989 8.83834
2990 8.85048
2991 8.85967
2992 8.86545
2993 8.86747
2994 8.86545
2995 8.85934
2996 8.84947
2997 8.83674
2998 8.82256
2999 8.80836
3000 -86.8464
3001 -86.8473
3002 -86.8485
3003 -86.85
3004 -86.8516
3005 -86.8533
3006 -86.855
3007 -86.8566
3008 -86.8582
3009 -86.8596
3010 -86.8608
3011 -86.8619
3012 -86.8628
3013 -86.8636
3014 -86.8642
3015 -86.8646
3016 -86.865
3017 -86.8651
3018 -86.8652
3019 -86.8651
3020 -86.8649
3021 -86.8646
3022 -86.8642
3023 -86.8638
3024 -86.8633
3025 -86.8627
3026 -86.862
3027 -86.8613
3028 -86.8605
3029 -86.8597
3030 -86.8588
3031 -86.8579
3032 -86.8569
3033 -86.8559
3034 -86.8549
3035 -86.8539
3036 -86.8528
3037 -86.8517
3038 -86.8505
3039 -86.8494
3040 -86.8482
3041 -86.847
3042 -86.8458
3043 -86.8446
3044 -86.8433
3045 -86.8421
3046 -86.8408
3047 -86.8395
3048 -86.8382
3049 -86.8368
3050 -86.8355
3051 -86.8341
3052 -86.8327
3053 -86.8314
3054 -86.83
3055 -86.8285
3056 -86.8271
3057 -86.8257
3058 -86.8242
3059 -86.8228
3060 -86.8213
3061 -86.8198
3062 -86.8183
3063 -86.8168
3064 -86.8153
3065 -86.8138
3066 -86.8123
3067 -86.8107
3068 -86.8092
3069 -86.8076
3070 -86.806
3071 -86.8044
3072 -86.8028
3073 -86.8012
3074 -86.7996
3075 -86.798
3076 -86.7963
3077 -86.7947
3078 -86.793
3079 -86.7914
3080 -86.7897
3081 -86.788
3082 -86.7863
3083 -86.7846
3084 -86.7829
3085 -86.7811
3086 -86.7794
3087 -86.7776
3088 -86.7759
3089 -86.7741
3090 -86.7723
3091 -86.7705
3092 -86.7687
3093 -86.7669
3094 -86.7651
3095 -86.7632
3096 -86.7614
3097 -86.7595
3098 -86.7577
3099 -86.7558
3100 -86.7539
3101 -86.752
3102 -86.7501
3103 -86.7482
3104 -86.7462
3105 -86.7443
3106 -86.7424
3107 -86.7404
3108 -86.7384
3109 -86.7365
3110 -86.7345
3111 -86.7325
3112 -86.7305
3113 -86.7285
3114 -86.7264
3115 -86.7244
3116 -86.7223
3117 -86.7203
3118 -86.7182
3119 -86.7162
3120 -86.7141
3121 -86.712
3122 -86.7099
3123 -86.7078
3124 -86.7057
3125 -86.7036
3126 -86.7015
3127 -86.6993
3128 -86.6972
3129 -86.695
3130 -86.6929
3131 -86.6907
3132 -86.6886
3133 -86.6864
3134 -86.6842
3135 -86.682
3136 -86.6799
3137 -86.6777
3138 -86.6755
3139 -86.6733
3140 -86.6711
3141 -86.6688
3142 -86.6666
3143 -86.6644
3144 -86.6622
3145 -86.6599
3146 -86.6577
3147 -86.6554
3148 -86.6532
3149 -86.6509
3150 -86.6487
3151 -86.6464
3152 -86.6441
3153 -86.6418
3154 -86.6396
3155 -86.6373
3156 -86.635
3157 -86.6327
3158 -86.6304
3159 -86.628
3160 -86.6257
3161 -86.6234
3162 -86.6211
3163 -86.6187
3164 -86.6164
3165 -86.614
3166 -86.6117
3167 -86.6093
3168 -86.6069
3169 -86.6046
3170 -86.6022
3171 -86.5998
3172 -86.5974
3173 -86.595
3174 -86.5926
3175 -86.5902
3176 -86.5878
3177 -86.5853
3178 -86.5829
3179 -86.5805
3180 -86.578
3181 -86.5756
3182 -86.5731
3183 -86.5706
3184 -86.5682
3185 -86.5657
3186 -86.5632
3187 -86.5607
3188 -86.5582
